0
0
0
0
0
0
0
0
0
0
0
0
0
0
0
0
0
0
0
0
0
0
0
0
0
0
0
0
0
0
0
0
0
0
0
0
0
0
0
0
0
0
0
0
0
0
0
0
0
0
0
0
0
0
0
0
0
0
0
0
0
0
0
0
0
0
0
0
0
0
0
0
0
0
0
0
0
0
0
0
0
0
0
0
0
0
0
0
0
0
0
0
0
0
0
0
0
0
0
0
0
0
0
0
0
0
0
0
0
0
0
0
0
0
0
0
0
0
0
0
0
0
0
0
0
0
0
0
0
0
0
0
0
0
0
0
0
0
0
0
0
0
0
0
0
0
0
0
0
0
0
0
0
0
0
0
0
0
0
0
0
0
0
0
0
0
0
0
0
0
0
0
0
0
0
0
0
0
0
0
0
0
0
0
0
0
0
0
0
0
0
0
0
0
0
0
0
0
0
0
0
0
0
0
0
0
0
0
0
0
0
0
0
0
0
0
0
0
0
0
0
0
0
0
0
0
0
0
0
0
0
0
0
0
0
0
0
0
0
0
0
0
0
0
0
0
0
0
0
0
0
0
0
0
0
0
1
0
0
1
0
0
0
0
0
1
1
0
4
0
0
4
4
0
0
0
0
4
0
1
4
4
0
0
4
0
1
0
4
4
0
0
4
0
4
0
4
4
0
4
0
0
0
4
1
4
4
0
4
0
4
0
0
4
4
4
0
4
0
4
4
0
0
4
4
1
1
4
1
0
4
4
4
4
4
0
4
4
4
0
4
4
4
4
0
4
4
4
4
4
0
4
4
0
4
4
0
4
4
0
4
0
0
4
6
0
4
6
0
4
6
4
0
6
0
6
0
5
6
5
0
5
5
0
4
7
0
4
7
5
0
6
7
7
5
8
0
6
7
7
0
4
4
6
7
7
1
7
8
4
6
7
4
7
7
8
6
6
7
4
7
8
10
6
6
7
4
7
7
8
8
4
6
5
10
4
7
7
9
5
7
8
8
4
4
7
7
7
8
4
7
8
7
8
4
5
7
8
5
7
7
8
8
5
7
7
8
9
5
7
7
7
8
9
7
7
7
7
7
7
8
7
7
7
11
8
7
7
7
8
7
8
7
7
7
7
7
7
7
7
7
7
7
7
7
7
7
7
7
7
7
4
4
6
6
6
5
5
