0
0
0
0
0
0
0
0
0
0
0
0
0
0
0
0
0
0
0
0
0
0
0
0
0
0
0
0
0
0
0
0
0
0
0
0
0
0
0
0
0
0
0
0
0
0
0
0
0
0
0
0
0
0
0
0
0
0
0
0
0
0
0
0
0
0
0
0
0
0
0
0
0
0
0
0
0
0
0
0
0
0
0
0
0
0
0
0
0
0
0
0
0
0
0
0
0
0
0
0
0
0
0
0
0
0
0
0
0
0
0
0
0
0
0
0
0
0
0
0
0
0
0
0
0
0
0
0
0
0
0
0
0
0
0
0
0
0
0
0
0
0
0
0
0
0
0
0
0
0
0
0
0
0
0
0
0
0
1
0
0
0
0
0
1
0
4
0
0
0
0
4
0
0
0
4
1
0
0
0
4
0
0
4
0
0
0
0
4
0
0
0
0
4
0
0
0
1
1
1
0
4
4
0
4
0
4
4
0
4
4
4
0
4
4
0
4
4
0
4
4
0
0
0
0
4
0
4
0
0
0
5
0
5
0
0
0
0
0
4
1
4
4
6
4
6
4
4
6
4
4
4
4
4
5
5
7
7
7
7
7
7
7
7
7
7
7
7
7
4
4
6
6
6
5
5
