0
0
0
0
0
0
0
0
0
0
0
0
0
0
0
0
0
0
0
0
0
0
0
0
0
0
0
0
0
0
0
0
0
0
0
0
0
0
0
0
0
0
0
0
0
0
0
0
0
0
0
0
0
0
0
0
0
0
0
0
0
0
0
0
0
0
0
0
0
0
0
0
0
0
0
0
0
0
0
0
0
0
0
0
0
0
0
0
0
0
0
0
0
0
0
0
0
0
0
0
0
0
0
0
0
0
0
0
0
0
0
0
0
0
0
0
0
0
0
0
0
0
0
0
0
0
0
0
0
0
0
0
0
0
0
0
0
0
0
0
0
0
0
0
0
0
0
0
0
0
0
0
0
0
0
0
0
0
0
0
0
0
0
0
0
0
0
0
0
0
0
0
0
0
0
0
0
0
0
0
0
0
0
0
0
0
0
0
0
0
0
0
0
0
0
0
0
0
0
0
0
0
0
0
0
0
0
0
0
0
0
0
0
0
0
0
0
0
0
0
0
0
0
0
0
0
0
0
0
0
0
0
0
0
0
0
0
0
0
0
0
0
0
0
0
0
0
0
0
0
0
0
0
0
0
0
1
0
0
0
0
0
0
0
0
0
0
0
0
0
0
0
0
0
0
0
0
0
0
0
0
0
0
0
0
0
0
0
0
0
0
0
0
0
0
0
0
0
0
0
0
0
0
0
0
1
0
0
0
0
0
4
0
0
0
0
0
0
0
1
0
1
0
4
1
0
0
0
0
4
0
0
4
0
0
1
4
0
4
4
1
1
0
4
4
1
4
4
4
4
0
0
4
4
4
4
4
4
4
0
0
4
4
4
4
4
4
4
0
1
4
4
4
4
1
4
4
4
4
4
4
4
4
4
4
4
4
4
4
4
4
4
4
4
4
4
4
4
4
4
4
4
4
4
4
4
4
6
6
6
4
4
5
6
5
5
5
6
7
6
4
7
7
4
7
8
4
7
6
7
5
4
10
6
6
7
8
7
5
6
6
6
8
7
7
8
4
4
6
6
8
10
7
7
0
7
6
8
8
4
7
0
7
9
8
6
7
7
5
7
8
0
6
5
5
7
8
0
6
7
7
9
0
5
5
8
7
7
1
7
5
7
7
4
7
7
7
8
8
7
4
5
7
7
7
8
7
4
7
7
8
8
5
7
7
7
4
7
8
7
7
8
8
4
7
7
8
8
4
7
7
11
7
8
8
4
7
7
12
7
8
8
7
7
9
7
9
10
7
7
7
7
7
7
7
7
7
7
7
7
11
4
4
6
6
6
5
5
7
7
7
7
7
7
7
7
7
7
7
7
7
