0
0
0
0
0
0
0
0
0
0
0
0
0
0
0
0
0
0
0
0
0
0
0
0
0
0
0
0
0
0
0
0
0
0
0
0
0
0
0
0
0
0
0
0
0
0
0
0
0
0
0
0
0
0
0
0
0
0
0
0
0
0
0
0
0
0
0
0
0
0
0
0
0
0
0
0
0
0
0
0
0
0
0
0
0
0
0
0
0
0
0
0
0
0
0
0
0
0
0
0
0
0
0
0
0
0
0
0
0
0
0
0
0
0
0
0
0
0
0
0
0
0
0
0
0
0
0
0
0
0
0
0
0
0
0
0
0
0
0
0
0
0
0
0
0
0
0
0
0
0
0
0
0
0
0
0
0
0
0
0
0
0
0
0
0
0
0
0
0
0
0
0
0
0
0
0
0
0
0
0
0
0
1
0
0
0
0
0
0
0
0
0
0
0
0
0
0
0
0
0
0
0
0
0
0
0
0
0
0
0
0
0
0
0
1
0
0
0
0
4
0
0
0
0
1
0
4
1
0
0
0
4
1
4
0
4
1
4
4
4
4
0
4
4
4
0
4
4
4
0
4
4
1
4
4
4
4
4
4
4
4
4
4
4
4
4
4
4
5
5
4
6
6
4
4
6
0
4
0
6
0
6
5
0
6
0
5
8
1
7
4
7
8
4
5
7
8
4
7
8
5
4
7
8
4
7
4
7
4
7
7
7
7
7
7
4
4
6
6
6
5
5
7
7
7
7
7
7
7
7
7
7
7
7
7
