0
0
0
0
0
0
0
0
0
0
0
0
0
0
0
0
0
0
0
0
0
0
0
0
0
0
0
0
0
0
0
0
0
0
0
0
0
0
0
0
0
0
0
0
0
0
0
0
0
0
0
0
0
0
0
0
0
0
0
0
0
0
0
0
0
0
0
0
0
0
0
0
0
0
0
0
0
0
0
0
0
0
0
0
0
0
0
0
0
0
0
0
0
0
0
0
0
0
0
0
0
0
0
0
0
0
0
0
0
0
0
0
0
0
0
0
0
0
0
0
0
0
0
0
0
0
0
0
0
0
0
0
0
0
0
0
0
0
0
0
0
0
0
0
0
0
0
0
0
0
0
0
0
0
0
0
0
0
0
0
0
0
0
0
0
0
0
0
0
0
0
0
0
0
0
0
0
0
0
0
0
0
0
0
0
0
0
0
0
0
0
0
0
0
0
0
0
0
0
0
0
0
0
0
0
0
0
0
0
0
0
0
0
0
0
0
0
0
0
0
0
0
0
0
0
0
0
0
0
0
0
0
0
0
0
0
0
0
0
0
0
0
0
0
0
0
0
0
0
0
0
0
0
0
0
0
0
0
0
0
0
0
0
0
0
0
0
0
0
0
0
0
0
0
0
0
0
0
0
1
0
0
0
0
0
0
0
0
0
0
0
0
4
0
0
0
1
0
0
0
0
0
0
0
0
4
0
0
0
4
0
0
0
0
4
0
0
0
0
0
0
0
0
4
0
0
0
0
4
0
0
0
4
0
0
0
0
4
0
0
0
0
4
0
0
0
4
0
0
0
0
0
0
0
0
4
0
0
0
4
0
0
0
4
0
0
0
0
0
0
0
0
0
1
0
4
0
0
1
1
0
0
1
1
1
4
1
0
1
1
1
4
4
4
1
4
4
4
4
4
4
4
4
4
4
4
4
4
4
4
4
4
4
4
4
4
4
4
4
4
4
4
4
4
4
4
4
4
4
4
4
4
4
4
4
4
4
4
4
4
4
4
4
4
4
4
4
4
4
4
4
6
6
6
5
5
5
5
4
7
7
4
7
6
7
4
6
7
8
7
4
4
4
6
7
4
7
4
6
6
7
4
6
6
4
10
7
6
6
7
4
6
4
6
5
7
6
6
8
4
6
7
5
6
13
8
6
4
7
6
8
8
6
7
6
8
5
7
5
8
6
7
9
5
5
8
6
7
8
7
7
5
4
7
8
8
7
7
7
5
5
9
5
8
4
7
7
7
5
7
8
10
5
7
8
8
8
8
7
7
7
7
8
8
7
7
7
8
8
8
5
7
7
7
9
12
7
7
7
7
8
8
5
7
7
7
9
12
7
7
7
8
7
7
7
8
7
7
7
7
8
7
7
7
10
9
7
8
10
7
7
7
7
7
7
8
7
7
7
7
7
8
7
7
7
7
7
7
7
7
7
7
7
7
7
7
7
7
7
7
11
7
7
11
11
