0
0
0
0
0
0
0
0
0
0
0
0
0
0
0
0
0
0
0
0
0
0
0
0
0
0
0
0
0
0
0
0
0
0
0
0
0
0
0
0
0
0
0
0
0
0
0
0
0
0
0
0
0
0
0
0
0
0
0
0
0
0
0
0
0
0
0
0
0
0
0
0
0
0
0
0
0
0
0
0
0
0
0
0
0
0
0
0
0
0
0
0
0
0
0
0
0
0
0
0
0
0
0
0
0
0
0
0
0
0
0
0
0
0
0
0
0
0
0
0
0
0
0
0
0
0
0
0
0
0
0
0
0
0
0
0
0
0
0
0
0
0
0
0
0
0
0
0
0
0
0
0
0
0
0
0
0
0
0
0
0
0
0
0
0
0
0
0
0
0
0
0
0
0
0
0
0
0
0
0
0
0
0
0
0
0
0
0
0
0
0
0
0
0
0
0
0
0
0
0
0
0
0
0
1
0
0
0
0
0
0
0
1
0
4
0
0
0
0
0
0
4
0
1
0
0
4
0
1
0
0
0
4
0
4
0
0
4
0
0
0
4
1
0
4
0
0
0
4
4
0
4
0
0
0
4
4
1
1
1
0
4
4
4
4
4
0
4
4
4
0
4
4
4
4
0
4
4
4
4
4
0
4
4
0
4
4
0
4
4
0
0
0
0
4
0
4
0
0
0
5
0
5
0
4
0
4
0
6
0
6
0
4
4
6
1
4
6
4
6
6
4
6
6
4
4
6
5
4
5
8
4
4
7
4
7
8
4
5
7
8
5
7
8
5
7
8
5
7
7
8
9
7
7
7
7
7
7
8
7
7
7
8
7
7
7
8
7
8
7
7
7
7
7
7
7
7
7
7
7
7
7
7
7
7
7
7
7
4
4
6
6
6
5
5
