0 0 0 0 8
0 1 1575921646 1575921647 10
0 1 1575921649 1575921649 12
0 1 1575921657 1575921659 14
0 1 1575921660 1575921660 15
0 1 1575921663 1575921665 17
0 1 1575921672 1575921673 18
0 1 1575921688 1575921689 20
0 1 1575921689 1575921690 22
0 1 1575921693 1575921694 23
0 1 1575921698 1575921699 25
0 1 1575921710 1575921710 26
0 1 1575921710 1575921711 28
0 1 1575921713 1575921714 29
0 1 1575921716 1575921720 31
0 1 1575921725 1575921726 33
0 1 1575921728 1575921729 34
0 1 1575921733 1575921734 36
0 1 1575921737 1575921737 37
0 1 1575921739 1575921739 39
0 1 1575921743 1575921743 40
0 1 1575921744 1575921745 42
0 1 1575921750 1575921751 43
0 1 1575921762 1575921766 45
0 1 1575921774 1575921774 47
0 1 1575921782 1575921782 48
0 1 1575921790 1575921790 50
0 0 0 0 6
0 1 1575921646 1575921647 8
0 1 1575921649 1575921649 9
0 1 1575921657 1575921659 11
0 1 1575921660 1575921660 12
0 1 1575921663 1575921665 14
0 1 1575921672 1575921673 15
0 1 1575921688 1575921689 17
0 1 1575921689 1575921690 18
0 1 1575921693 1575921694 20
0 1 1575921698 1575921699 22
0 1 1575921710 1575921710 23
0 1 1575921710 1575921711 25
0 1 1575921713 1575921714 27
0 1 1575921716 1575921720 29
0 1 1575921725 1575921726 31
0 1 1575921728 1575921729 32
0 1 1575921733 1575921734 34
0 1 1575921737 1575921737 36
0 1 1575921739 1575921739 37
0 1 1575921743 1575921743 39
0 1 1575921744 1575921745 41
0 1 1575921750 1575921751 43
0 1 1575921762 1575921766 44
0 1 1575921774 1575921774 46
0 1 1575921782 1575921782 48
0 1 1575921790 1575921790 50
0 9 1575921649 1575921649 51
9 0 0 0 59
0 0 0 0 7
0 1 1575921646 1575921647 8
0 1 1575921649 1575921649 9
0 1 1575921657 1575921659 10
0 1 1575921660 1575921660 12
0 1 1575921663 1575921665 13
0 1 1575921672 1575921673 15
0 1 1575921688 1575921689 16
0 1 1575921689 1575921690 18
0 1 1575921693 1575921694 20
0 1 1575921698 1575921699 22
0 1 1575921710 1575921710 24
0 1 1575921710 1575921711 26
0 1 1575921713 1575921714 28
0 1 1575921716 1575921720 30
0 1 1575921725 1575921726 32
0 1 1575921728 1575921729 34
0 1 1575921733 1575921734 36
0 1 1575921737 1575921737 38
0 1 1575921739 1575921739 40
0 1 1575921743 1575921743 42
0 1 1575921744 1575921745 44
0 1 1575921750 1575921751 46
0 1 1575921762 1575921766 48
0 1 1575921774 1575921774 49
0 1 1575921782 1575921782 51
0 1 1575921790 1575921790 53
0 9 1575921649 1575921649 55
9 0 0 0 64
0 0 0 0 9
0 1 1575921646 1575921647 12
0 1 1575921649 1575921649 14
0 1 1575921657 1575921659 16
0 1 1575921660 1575921660 18
0 1 1575921663 1575921665 20
0 1 1575921672 1575921673 22
0 1 1575921688 1575921689 24
0 1 1575921689 1575921690 26
0 1 1575921693 1575921694 28
0 1 1575921698 1575921699 30
0 1 1575921710 1575921710 32
0 1 1575921710 1575921711 34
0 1 1575921713 1575921714 36
0 1 1575921716 1575921720 38
0 1 1575921725 1575921726 40
0 1 1575921728 1575921729 42
0 1 1575921733 1575921734 44
0 1 1575921737 1575921737 46
0 1 1575921739 1575921739 48
0 1 1575921743 1575921743 50
0 1 1575921744 1575921745 52
0 1 1575921750 1575921751 54
0 1 1575921762 1575921766 56
0 1 1575921774 1575921774 57
0 1 1575921782 1575921782 59
0 1 1575921790 1575921790 61
0 9 1575921649 1575921649 63
9 0 0 0 73
0 2 1575921771 1575921772 115
0 2 1575921783 1575921785 118
9 0 0 0 128
0 2 1575921771 1575921772 86
0 2 1575921783 1575921785 88
1 3 1575921655 1575921655 94
1 3 1575921699 1575921701 96
9 0 0 0 98
0 2 1575921771 1575921772 156
0 2 1575921783 1575921785 159
0 4 1575921660 1575921660 161
0 4 1575921670 1575921671 163
0 4 1575921734 1575921734 165
1 3 1575921655 1575921655 174
1 3 1575921699 1575921701 176
0 2 1575921771 1575921772 106
0 2 1575921783 1575921785 109
0 4 1575921660 1575921660 111
0 4 1575921670 1575921671 113
0 4 1575921734 1575921734 115
1 3 1575921655 1575921655 123
1 3 1575921699 1575921701 126
1 0 1575921660 1575921661 128
1 0 1575921670 1575921670 130
1 0 1575921673 1575921676 132
1 0 1575921678 1575921679 134
1 0 1575921682 1575921683 136
1 0 1575921740 1575921741 138
1 0 1575921754 1575921756 140
1 0 1575921758 1575921759 142
1 0 1575921779 1575921779 144
1 0 1575921787 1575921788 146
1 0 1575921789 1575921789 148
1 0 1575921791 1575921792 150
1 0 1575921794 1575921795 152
0 2 1575921783 1575921785 106
0 4 1575921660 1575921660 109
0 4 1575921670 1575921671 111
0 4 1575921734 1575921734 113
1 3 1575921655 1575921655 122
1 3 1575921699 1575921701 124
1 0 1575921660 1575921661 127
1 0 1575921670 1575921670 129
1 0 1575921673 1575921676 130
1 0 1575921678 1575921679 131
1 0 1575921682 1575921683 133
1 0 1575921740 1575921741 135
1 0 1575921754 1575921756 137
1 0 1575921758 1575921759 139
1 0 1575921779 1575921779 141
1 0 1575921787 1575921788 143
1 0 1575921789 1575921789 145
1 0 1575921791 1575921792 147
1 0 1575921794 1575921795 149
0 2 1575921771 1575921772 98
0 2 1575921783 1575921785 100
0 4 1575921660 1575921660 102
0 4 1575921670 1575921671 104
0 4 1575921734 1575921734 106
1 3 1575921655 1575921655 115
1 3 1575921699 1575921701 117
1 0 1575921660 1575921661 119
1 0 1575921670 1575921670 120
1 0 1575921673 1575921676 122
1 0 1575921678 1575921679 123
1 0 1575921682 1575921683 125
1 0 1575921740 1575921741 127
1 0 1575921754 1575921756 128
1 0 1575921758 1575921759 130
1 0 1575921779 1575921779 132
1 0 1575921787 1575921788 134
1 0 1575921789 1575921789 136
1 0 1575921791 1575921792 138
1 0 1575921794 1575921795 140
0 2 1575921771 1575921772 81
0 2 1575921783 1575921785 84
0 4 1575921660 1575921660 85
0 4 1575921670 1575921671 87
0 4 1575921734 1575921734 88
1 3 1575921655 1575921655 95
1 3 1575921699 1575921701 97
1 0 1575921660 1575921661 98
1 0 1575921670 1575921670 100
1 0 1575921673 1575921676 102
1 0 1575921678 1575921679 103
1 0 1575921682 1575921683 105
1 0 1575921740 1575921741 106
1 0 1575921754 1575921756 108
1 0 1575921758 1575921759 110
1 0 1575921779 1575921779 111
1 0 1575921787 1575921788 113
1 0 1575921789 1575921789 114
1 0 1575921791 1575921792 116
1 0 1575921794 1575921795 118
0 2 1575921783 1575921785 88
0 4 1575921660 1575921660 90
0 4 1575921670 1575921671 92
0 4 1575921734 1575921734 94
1 3 1575921655 1575921655 101
1 3 1575921699 1575921701 103
1 0 1575921660 1575921661 105
1 0 1575921670 1575921670 107
1 0 1575921673 1575921676 109
1 0 1575921678 1575921679 110
1 0 1575921682 1575921683 112
1 0 1575921740 1575921741 114
1 0 1575921754 1575921756 116
1 0 1575921758 1575921759 117
1 0 1575921779 1575921779 119
1 0 1575921787 1575921788 121
1 0 1575921789 1575921789 123
1 0 1575921791 1575921792 125
1 0 1575921794 1575921795 126
3 2 1575921669 1575921670 132
0 2 1575921783 1575921785 105
0 4 1575921660 1575921660 108
0 4 1575921670 1575921671 110
0 4 1575921734 1575921734 112
1 3 1575921655 1575921655 135
1 3 1575921699 1575921701 137
1 0 1575921660 1575921661 139
1 0 1575921670 1575921670 141
1 0 1575921673 1575921676 142
1 0 1575921678 1575921679 144
1 0 1575921682 1575921683 146
1 0 1575921740 1575921741 147
1 0 1575921754 1575921756 149
1 0 1575921758 1575921759 151
1 0 1575921779 1575921779 153
1 0 1575921787 1575921788 155
1 0 1575921789 1575921789 157
1 0 1575921791 1575921792 159
1 0 1575921794 1575921795 161
3 2 1575921669 1575921670 168
0 2 1575921771 1575921772 107
0 2 1575921783 1575921785 110
0 4 1575921660 1575921660 112
0 4 1575921670 1575921671 114
0 4 1575921734 1575921734 116
0 7 1575921680 1575921680 118
1 3 1575921655 1575921655 127
1 3 1575921699 1575921701 130
1 0 1575921660 1575921661 132
1 0 1575921670 1575921670 134
1 0 1575921673 1575921676 136
1 0 1575921678 1575921679 138
1 0 1575921682 1575921683 140
1 0 1575921740 1575921741 142
1 0 1575921754 1575921756 144
1 0 1575921758 1575921759 146
1 0 1575921779 1575921779 148
1 0 1575921787 1575921788 150
1 0 1575921789 1575921789 152
1 0 1575921791 1575921792 154
1 0 1575921794 1575921795 156
3 2 1575921669 1575921670 163
0 2 1575921771 1575921772 88
0 2 1575921783 1575921785 90
0 4 1575921660 1575921660 91
0 4 1575921670 1575921671 93
0 4 1575921734 1575921734 95
0 7 1575921680 1575921680 96
1 3 1575921655 1575921655 103
1 3 1575921699 1575921701 105
1 0 1575921660 1575921661 107
1 0 1575921670 1575921670 108
1 0 1575921673 1575921676 110
1 0 1575921678 1575921679 111
1 0 1575921682 1575921683 113
1 0 1575921740 1575921741 115
1 0 1575921754 1575921756 116
1 0 1575921758 1575921759 118
1 0 1575921779 1575921779 119
1 0 1575921787 1575921788 121
1 0 1575921789 1575921789 123
1 0 1575921791 1575921792 124
1 0 1575921794 1575921795 126
3 2 1575921669 1575921670 139
3 0 1575921695 1575921696 141
0 2 1575921771 1575921772 91
0 2 1575921783 1575921785 93
0 4 1575921660 1575921660 95
0 4 1575921670 1575921671 97
0 4 1575921734 1575921734 99
0 7 1575921680 1575921680 100
1 3 1575921655 1575921655 108
1 3 1575921699 1575921701 110
1 0 1575921660 1575921661 112
1 0 1575921670 1575921670 114
1 0 1575921673 1575921676 116
1 0 1575921678 1575921679 117
1 0 1575921682 1575921683 119
1 0 1575921740 1575921741 121
1 0 1575921754 1575921756 123
1 0 1575921758 1575921759 125
1 0 1575921779 1575921779 126
1 0 1575921787 1575921788 128
1 0 1575921789 1575921789 130
1 0 1575921791 1575921792 132
1 0 1575921794 1575921795 133
3 2 1575921669 1575921670 140
3 0 1575921695 1575921696 141
3 1 1575921696 1575921697 143
3 1 1575921738 1575921739 145
2 1 1575921662 1575921662 127
2 1 1575921667 1575921668 130
2 1 1575921685 1575921687 132
2 1 1575921705 1575921706 134
2 1 1575921779 1575921782 135
9 0 0 0 121
4 0 1575921677 1575921678 119
9 2 1575921666 1575921667 121
9 0 0 0 122
2 1 1575921662 1575921662 103
2 1 1575921667 1575921668 108
2 1 1575921685 1575921687 110
2 1 1575921705 1575921706 112
2 1 1575921779 1575921782 114
2 3 1575921663 1575921663 116
2 1 1575921662 1575921662 134
2 1 1575921667 1575921668 144
2 1 1575921685 1575921687 146
2 1 1575921705 1575921706 147
2 1 1575921779 1575921782 149
2 3 1575921663 1575921663 150
9 2 1575921666 1575921667 119
9 0 0 0 130
9 0 0 0 176
2 1 1575921662 1575921662 117
2 1 1575921667 1575921668 120
2 1 1575921685 1575921687 122
2 1 1575921705 1575921706 123
2 1 1575921779 1575921782 125
2 3 1575921663 1575921663 127
9 2 1575921666 1575921667 115
9 0 0 0 118
4 0 1575921677 1575921678 147
2 1 1575921662 1575921662 115
2 1 1575921667 1575921668 117
2 1 1575921685 1575921687 119
2 1 1575921705 1575921706 120
2 1 1575921779 1575921782 122
2 3 1575921663 1575921663 124
9 2 1575921666 1575921667 112
9 0 0 0 116
2 1 1575921662 1575921662 137
2 1 1575921667 1575921668 139
2 1 1575921685 1575921687 141
2 1 1575921705 1575921706 143
2 1 1575921779 1575921782 144
2 3 1575921663 1575921663 146
4 0 1575921677 1575921678 115
9 0 0 0 130
4 0 1575921677 1575921678 145
9 2 1575921666 1575921667 149
9 0 0 0 151
9 0 0 0 128
9 2 1575921666 1575921667 151
9 0 0 0 155
2 1 1575921662 1575921662 111
2 1 1575921667 1575921668 113
2 1 1575921685 1575921687 115
2 1 1575921705 1575921706 118
2 1 1575921779 1575921782 120
2 3 1575921663 1575921663 122
2 1 1575921662 1575921662 114
2 1 1575921667 1575921668 117
2 1 1575921685 1575921687 119
2 1 1575921705 1575921706 121
2 1 1575921779 1575921782 123
2 3 1575921663 1575921663 125
0 0 0 0 9
0 1 1575921646 1575921647 11
0 1 1575921649 1575921649 14
0 1 1575921657 1575921659 16
0 1 1575921660 1575921660 18
0 1 1575921663 1575921665 20
0 1 1575921672 1575921673 22
0 1 1575921688 1575921689 24
0 1 1575921689 1575921690 26
0 1 1575921693 1575921694 28
0 1 1575921698 1575921699 30
0 1 1575921710 1575921710 32
0 1 1575921710 1575921711 34
0 1 1575921713 1575921714 36
0 1 1575921716 1575921720 38
0 1 1575921725 1575921726 39
0 1 1575921728 1575921729 42
0 1 1575921733 1575921734 44
0 1 1575921737 1575921737 46
0 1 1575921739 1575921739 48
0 1 1575921743 1575921743 50
0 1 1575921744 1575921745 52
0 1 1575921750 1575921751 54
0 1 1575921762 1575921766 56
0 1 1575921774 1575921774 58
0 1 1575921782 1575921782 60
0 1 1575921790 1575921790 62
0 9 1575921649 1575921649 64
0 2 1575921655 1575921655 66
0 2 1575921697 1575921697 68
0 2 1575921707 1575921709 70
0 2 1575921712 1575921712 72
0 2 1575921727 1575921727 74
0 2 1575921735 1575921736 76
0 2 1575921741 1575921742 78
0 0 0 0 6
0 1 1575921646 1575921647 8
0 1 1575921649 1575921649 10
0 1 1575921657 1575921659 11
0 1 1575921660 1575921660 13
0 1 1575921663 1575921665 15
0 1 1575921672 1575921673 16
0 1 1575921688 1575921689 18
0 1 1575921689 1575921690 19
0 1 1575921693 1575921694 21
0 1 1575921698 1575921699 22
0 1 1575921710 1575921710 24
0 1 1575921710 1575921711 26
0 1 1575921713 1575921714 27
0 1 1575921716 1575921720 29
0 1 1575921725 1575921726 30
0 1 1575921728 1575921729 32
0 1 1575921733 1575921734 33
0 1 1575921737 1575921737 35
0 1 1575921739 1575921739 37
0 1 1575921743 1575921743 38
0 1 1575921744 1575921745 40
0 1 1575921750 1575921751 41
0 1 1575921762 1575921766 43
0 1 1575921774 1575921774 45
0 1 1575921782 1575921782 46
0 1 1575921790 1575921790 48
0 9 1575921649 1575921649 49
0 2 1575921655 1575921655 51
0 2 1575921697 1575921697 53
0 2 1575921707 1575921709 54
0 2 1575921712 1575921712 56
0 2 1575921727 1575921727 57
0 2 1575921735 1575921736 59
0 2 1575921741 1575921742 61
0 0 0 0 25
0 1 1575921646 1575921647 46
0 1 1575921649 1575921649 56
0 1 1575921657 1575921659 58
0 1 1575921660 1575921660 60
0 1 1575921663 1575921665 62
0 1 1575921672 1575921673 64
0 1 1575921688 1575921689 66
0 1 1575921689 1575921690 68
0 1 1575921693 1575921694 70
0 1 1575921698 1575921699 73
0 1 1575921710 1575921710 75
0 1 1575921710 1575921711 77
0 1 1575921713 1575921714 79
0 1 1575921716 1575921720 81
0 1 1575921725 1575921726 83
0 1 1575921728 1575921729 85
0 1 1575921733 1575921734 87
0 1 1575921737 1575921737 89
0 1 1575921739 1575921739 91
0 1 1575921743 1575921743 93
0 1 1575921744 1575921745 95
0 1 1575921750 1575921751 97
0 1 1575921762 1575921766 99
0 1 1575921774 1575921774 101
0 1 1575921782 1575921782 103
0 1 1575921790 1575921790 105
0 9 1575921649 1575921649 107
0 2 1575921655 1575921655 109
0 2 1575921697 1575921697 111
0 2 1575921707 1575921709 113
0 2 1575921712 1575921712 115
0 2 1575921727 1575921727 117
0 2 1575921735 1575921736 119
0 2 1575921741 1575921742 121
0 0 0 0 8
0 1 1575921646 1575921647 11
0 1 1575921649 1575921649 13
0 1 1575921657 1575921659 15
0 1 1575921660 1575921660 18
0 1 1575921663 1575921665 20
0 1 1575921672 1575921673 22
0 1 1575921688 1575921689 24
0 1 1575921689 1575921690 26
0 1 1575921693 1575921694 28
0 1 1575921698 1575921699 30
0 1 1575921710 1575921710 32
0 1 1575921710 1575921711 34
0 1 1575921713 1575921714 36
0 1 1575921716 1575921720 38
0 1 1575921725 1575921726 40
0 1 1575921728 1575921729 41
0 1 1575921733 1575921734 43
0 1 1575921737 1575921737 45
0 1 1575921739 1575921739 47
0 1 1575921743 1575921743 49
0 1 1575921744 1575921745 51
0 1 1575921750 1575921751 53
0 1 1575921762 1575921766 55
0 1 1575921774 1575921774 57
0 1 1575921782 1575921782 59
0 1 1575921790 1575921790 61
0 9 1575921649 1575921649 63
0 2 1575921655 1575921655 65
0 2 1575921697 1575921697 68
0 2 1575921707 1575921709 70
0 2 1575921712 1575921712 72
0 2 1575921727 1575921727 74
0 2 1575921735 1575921736 76
0 2 1575921741 1575921742 78
0 0 0 0 6
0 1 1575921646 1575921647 8
0 1 1575921649 1575921649 9
0 1 1575921657 1575921659 10
0 1 1575921660 1575921660 11
0 1 1575921663 1575921665 12
0 1 1575921672 1575921673 13
0 1 1575921688 1575921689 14
0 1 1575921689 1575921690 16
0 1 1575921693 1575921694 18
0 1 1575921698 1575921699 20
0 1 1575921710 1575921710 22
0 1 1575921710 1575921711 24
0 1 1575921713 1575921714 26
0 1 1575921716 1575921720 28
0 1 1575921725 1575921726 30
0 1 1575921728 1575921729 32
0 1 1575921733 1575921734 34
0 1 1575921737 1575921737 36
0 1 1575921739 1575921739 38
0 1 1575921743 1575921743 40
0 1 1575921744 1575921745 42
0 1 1575921750 1575921751 44
0 1 1575921762 1575921766 46
0 1 1575921774 1575921774 47
0 1 1575921782 1575921782 49
0 1 1575921790 1575921790 51
0 9 1575921649 1575921649 53
0 2 1575921655 1575921655 56
0 2 1575921697 1575921697 58
0 2 1575921707 1575921709 60
0 2 1575921712 1575921712 62
0 2 1575921727 1575921727 64
0 2 1575921735 1575921736 65
0 2 1575921741 1575921742 67
0 2 1575921761 1575921761 69
0 0 0 0 7
0 1 1575921646 1575921647 8
0 1 1575921649 1575921649 10
0 1 1575921657 1575921659 12
0 1 1575921660 1575921660 13
0 1 1575921663 1575921665 15
0 1 1575921672 1575921673 17
0 1 1575921688 1575921689 19
0 1 1575921689 1575921690 21
0 1 1575921693 1575921694 23
0 1 1575921698 1575921699 25
0 1 1575921710 1575921710 27
0 1 1575921710 1575921711 29
0 1 1575921713 1575921714 31
0 1 1575921716 1575921720 33
0 1 1575921725 1575921726 35
0 1 1575921728 1575921729 36
0 1 1575921733 1575921734 38
0 1 1575921737 1575921737 40
0 1 1575921739 1575921739 42
0 1 1575921743 1575921743 44
0 1 1575921744 1575921745 46
0 1 1575921750 1575921751 48
0 1 1575921762 1575921766 50
0 1 1575921774 1575921774 52
0 1 1575921782 1575921782 54
0 1 1575921790 1575921790 56
0 9 1575921649 1575921649 58
0 2 1575921655 1575921655 60
0 2 1575921697 1575921697 62
0 2 1575921707 1575921709 64
0 2 1575921712 1575921712 66
0 2 1575921727 1575921727 68
0 2 1575921735 1575921736 70
0 2 1575921741 1575921742 72
0 0 0 0 6
0 1 1575921646 1575921647 8
0 1 1575921649 1575921649 10
0 1 1575921657 1575921659 12
0 1 1575921660 1575921660 13
0 1 1575921663 1575921665 15
0 1 1575921672 1575921673 16
0 1 1575921688 1575921689 18
0 1 1575921689 1575921690 19
0 1 1575921693 1575921694 21
0 1 1575921698 1575921699 23
0 1 1575921710 1575921710 24
0 1 1575921710 1575921711 26
0 1 1575921713 1575921714 27
0 1 1575921716 1575921720 29
0 1 1575921725 1575921726 31
0 1 1575921728 1575921729 32
0 1 1575921733 1575921734 34
0 1 1575921737 1575921737 35
0 1 1575921739 1575921739 37
0 1 1575921743 1575921743 39
0 1 1575921744 1575921745 40
0 1 1575921750 1575921751 42
0 1 1575921762 1575921766 43
0 1 1575921774 1575921774 45
0 1 1575921782 1575921782 46
0 1 1575921790 1575921790 48
0 9 1575921649 1575921649 50
0 2 1575921655 1575921655 51
0 2 1575921697 1575921697 53
0 2 1575921707 1575921709 55
0 2 1575921712 1575921712 56
0 2 1575921727 1575921727 58
0 2 1575921735 1575921736 59
0 2 1575921741 1575921742 61
0 0 0 0 6
0 1 1575921646 1575921647 8
0 1 1575921649 1575921649 9
0 1 1575921657 1575921659 10
0 1 1575921660 1575921660 11
0 1 1575921663 1575921665 12
0 1 1575921672 1575921673 13
0 1 1575921688 1575921689 15
0 1 1575921689 1575921690 16
0 1 1575921693 1575921694 18
0 1 1575921698 1575921699 20
0 1 1575921710 1575921710 21
0 1 1575921710 1575921711 23
0 1 1575921713 1575921714 25
0 1 1575921716 1575921720 26
0 1 1575921725 1575921726 28
0 1 1575921728 1575921729 30
0 1 1575921733 1575921734 32
0 1 1575921737 1575921737 33
0 1 1575921739 1575921739 35
0 1 1575921743 1575921743 37
0 1 1575921744 1575921745 39
0 1 1575921750 1575921751 40
0 1 1575921762 1575921766 42
0 1 1575921774 1575921774 44
0 1 1575921782 1575921782 46
0 1 1575921790 1575921790 47
0 9 1575921649 1575921649 49
0 2 1575921655 1575921655 51
0 2 1575921697 1575921697 53
0 2 1575921707 1575921709 55
0 2 1575921712 1575921712 56
0 2 1575921727 1575921727 58
0 2 1575921735 1575921736 60
0 2 1575921741 1575921742 61
0 2 1575921761 1575921761 63
0 0 0 0 6
0 1 1575921646 1575921647 8
0 1 1575921649 1575921649 9
0 1 1575921657 1575921659 10
0 1 1575921660 1575921660 11
0 1 1575921663 1575921665 13
0 1 1575921672 1575921673 15
0 1 1575921688 1575921689 17
0 1 1575921689 1575921690 19
0 1 1575921693 1575921694 21
0 1 1575921698 1575921699 23
0 1 1575921710 1575921710 25
0 1 1575921710 1575921711 27
0 1 1575921713 1575921714 29
0 1 1575921716 1575921720 31
0 1 1575921725 1575921726 33
0 1 1575921728 1575921729 35
0 1 1575921733 1575921734 37
0 1 1575921737 1575921737 39
0 1 1575921739 1575921739 41
0 1 1575921743 1575921743 43
0 1 1575921744 1575921745 45
0 1 1575921750 1575921751 47
0 1 1575921762 1575921766 49
0 1 1575921774 1575921774 51
0 1 1575921782 1575921782 53
0 1 1575921790 1575921790 55
0 9 1575921649 1575921649 57
0 2 1575921655 1575921655 59
0 2 1575921697 1575921697 61
0 2 1575921707 1575921709 63
0 2 1575921712 1575921712 65
0 2 1575921727 1575921727 68
0 2 1575921735 1575921736 70
0 2 1575921741 1575921742 72
0 2 1575921761 1575921761 74
0 0 0 0 7
0 1 1575921646 1575921647 9
0 1 1575921649 1575921649 12
0 1 1575921657 1575921659 14
0 1 1575921660 1575921660 16
0 1 1575921663 1575921665 18
0 1 1575921672 1575921673 20
0 1 1575921688 1575921689 22
0 1 1575921689 1575921690 24
0 1 1575921693 1575921694 26
0 1 1575921698 1575921699 27
0 1 1575921710 1575921710 29
0 1 1575921710 1575921711 31
0 1 1575921713 1575921714 33
0 1 1575921716 1575921720 35
0 1 1575921725 1575921726 37
0 1 1575921728 1575921729 39
0 1 1575921733 1575921734 41
0 1 1575921737 1575921737 43
0 1 1575921739 1575921739 45
0 1 1575921743 1575921743 47
0 1 1575921744 1575921745 49
0 1 1575921750 1575921751 51
0 1 1575921762 1575921766 53
0 1 1575921774 1575921774 55
0 1 1575921782 1575921782 57
0 1 1575921790 1575921790 59
0 9 1575921649 1575921649 61
0 2 1575921655 1575921655 63
0 2 1575921697 1575921697 65
0 2 1575921707 1575921709 67
0 2 1575921712 1575921712 69
0 2 1575921727 1575921727 71
0 2 1575921735 1575921736 73
0 2 1575921741 1575921742 75
0 0 0 0 6
0 1 1575921646 1575921647 9
0 1 1575921649 1575921649 11
0 1 1575921657 1575921659 13
0 1 1575921660 1575921660 14
0 1 1575921663 1575921665 16
0 1 1575921672 1575921673 17
0 1 1575921688 1575921689 19
0 1 1575921689 1575921690 21
0 1 1575921693 1575921694 22
0 1 1575921698 1575921699 24
0 1 1575921710 1575921710 25
0 1 1575921710 1575921711 27
0 1 1575921713 1575921714 28
0 1 1575921716 1575921720 30
0 1 1575921725 1575921726 32
0 1 1575921728 1575921729 33
0 1 1575921733 1575921734 35
0 1 1575921737 1575921737 36
0 1 1575921739 1575921739 38
0 1 1575921743 1575921743 40
0 1 1575921744 1575921745 41
0 1 1575921750 1575921751 43
0 1 1575921762 1575921766 44
0 1 1575921774 1575921774 46
0 1 1575921782 1575921782 48
0 1 1575921790 1575921790 49
0 9 1575921649 1575921649 51
0 2 1575921655 1575921655 52
0 2 1575921697 1575921697 54
0 2 1575921707 1575921709 56
0 2 1575921712 1575921712 57
0 2 1575921727 1575921727 59
0 2 1575921735 1575921736 60
0 2 1575921741 1575921742 62
0 0 0 0 6
0 1 1575921646 1575921647 8
0 1 1575921649 1575921649 10
0 1 1575921657 1575921659 11
0 1 1575921660 1575921660 13
0 1 1575921663 1575921665 15
0 1 1575921672 1575921673 16
0 1 1575921688 1575921689 18
0 1 1575921689 1575921690 19
0 1 1575921693 1575921694 21
0 1 1575921698 1575921699 23
0 1 1575921710 1575921710 25
0 1 1575921710 1575921711 26
0 1 1575921713 1575921714 28
0 1 1575921716 1575921720 30
0 1 1575921725 1575921726 32
0 1 1575921728 1575921729 33
0 1 1575921733 1575921734 35
0 1 1575921737 1575921737 37
0 1 1575921739 1575921739 39
0 1 1575921743 1575921743 40
0 1 1575921744 1575921745 42
0 1 1575921750 1575921751 44
0 1 1575921762 1575921766 46
0 1 1575921774 1575921774 47
0 1 1575921782 1575921782 49
0 1 1575921790 1575921790 51
0 9 1575921649 1575921649 53
0 2 1575921655 1575921655 54
0 2 1575921697 1575921697 56
0 2 1575921707 1575921709 58
0 2 1575921712 1575921712 60
0 2 1575921727 1575921727 62
0 2 1575921735 1575921736 63
0 2 1575921741 1575921742 65
