0 0 0 0 11
0 1 1575921646 1575921647 13
0 1 1575921649 1575921649 15
0 1 1575921657 1575921659 16
0 1 1575921660 1575921660 18
0 1 1575921663 1575921665 19
0 1 1575921672 1575921673 21
0 1 1575921688 1575921689 23
0 1 1575921689 1575921690 24
0 1 1575921693 1575921694 26
0 1 1575921698 1575921699 27
0 1 1575921710 1575921710 29
0 1 1575921710 1575921711 31
0 1 1575921713 1575921714 32
0 1 1575921716 1575921720 34
0 1 1575921725 1575921726 35
0 1 1575921728 1575921729 37
0 1 1575921733 1575921734 38
0 1 1575921737 1575921737 40
0 1 1575921739 1575921739 42
0 1 1575921743 1575921743 43
0 1 1575921744 1575921745 45
0 1 1575921750 1575921751 47
0 1 1575921762 1575921766 48
0 1 1575921774 1575921774 50
0 1 1575921782 1575921782 51
0 1 1575921790 1575921790 53
0 0 0 0 16
0 1 1575921646 1575921647 18
0 1 1575921649 1575921649 21
0 1 1575921657 1575921659 23
0 1 1575921660 1575921660 25
0 1 1575921663 1575921665 27
0 1 1575921672 1575921673 29
0 1 1575921688 1575921689 31
0 1 1575921689 1575921690 33
0 1 1575921693 1575921694 35
0 1 1575921698 1575921699 37
0 1 1575921710 1575921710 39
0 1 1575921710 1575921711 41
0 1 1575921713 1575921714 43
0 1 1575921716 1575921720 45
0 1 1575921725 1575921726 47
0 1 1575921728 1575921729 49
0 1 1575921733 1575921734 51
0 1 1575921737 1575921737 53
0 1 1575921739 1575921739 55
0 1 1575921743 1575921743 57
0 1 1575921744 1575921745 59
0 1 1575921750 1575921751 61
0 1 1575921762 1575921766 63
0 1 1575921774 1575921774 65
0 1 1575921782 1575921782 67
0 1 1575921790 1575921790 69
0 9 1575921649 1575921649 71
9 0 0 0 79
0 0 0 0 17
0 1 1575921646 1575921647 19
0 1 1575921649 1575921649 22
0 1 1575921657 1575921659 24
0 1 1575921660 1575921660 26
0 1 1575921663 1575921665 28
0 1 1575921672 1575921673 30
0 1 1575921688 1575921689 32
0 1 1575921689 1575921690 34
0 1 1575921693 1575921694 36
0 1 1575921698 1575921699 38
0 1 1575921710 1575921710 40
0 1 1575921710 1575921711 42
0 1 1575921713 1575921714 44
0 1 1575921716 1575921720 46
0 1 1575921725 1575921726 47
0 1 1575921728 1575921729 49
0 1 1575921733 1575921734 51
0 1 1575921737 1575921737 53
0 1 1575921739 1575921739 55
0 1 1575921743 1575921743 57
0 1 1575921744 1575921745 59
0 1 1575921750 1575921751 61
0 1 1575921762 1575921766 63
0 1 1575921774 1575921774 65
0 1 1575921782 1575921782 67
0 1 1575921790 1575921790 69
0 9 1575921649 1575921649 71
9 0 0 0 80
0 0 0 0 17
0 1 1575921646 1575921647 19
0 1 1575921649 1575921649 22
0 1 1575921657 1575921659 24
0 1 1575921660 1575921660 26
0 1 1575921663 1575921665 28
0 1 1575921672 1575921673 30
0 1 1575921688 1575921689 32
0 1 1575921689 1575921690 34
0 1 1575921693 1575921694 36
0 1 1575921698 1575921699 38
0 1 1575921710 1575921710 40
0 1 1575921710 1575921711 42
0 1 1575921713 1575921714 44
0 1 1575921716 1575921720 46
0 1 1575921725 1575921726 48
0 1 1575921728 1575921729 50
0 1 1575921733 1575921734 52
0 1 1575921737 1575921737 54
0 1 1575921739 1575921739 56
0 1 1575921743 1575921743 58
0 1 1575921744 1575921745 60
0 1 1575921750 1575921751 62
0 1 1575921762 1575921766 64
0 1 1575921774 1575921774 66
0 1 1575921782 1575921782 68
0 1 1575921790 1575921790 70
0 9 1575921649 1575921649 72
9 0 0 0 80
0 2 1575921771 1575921772 144
0 2 1575921783 1575921785 147
9 0 0 0 157
0 2 1575921771 1575921772 97
0 2 1575921783 1575921785 99
1 3 1575921655 1575921655 106
1 3 1575921699 1575921701 107
9 0 0 0 110
0 2 1575921771 1575921772 133
0 2 1575921783 1575921785 136
0 4 1575921660 1575921660 138
0 4 1575921670 1575921671 140
0 4 1575921734 1575921734 142
1 3 1575921655 1575921655 151
1 3 1575921699 1575921701 153
9 0 0 0 156
0 2 1575921771 1575921772 121
0 2 1575921783 1575921785 123
0 4 1575921660 1575921660 126
0 4 1575921670 1575921671 128
0 4 1575921734 1575921734 130
1 3 1575921655 1575921655 139
1 3 1575921699 1575921701 141
1 0 1575921660 1575921661 143
1 0 1575921670 1575921670 145
1 0 1575921673 1575921676 147
1 0 1575921678 1575921679 149
1 0 1575921682 1575921683 151
1 0 1575921740 1575921741 153
1 0 1575921754 1575921756 155
1 0 1575921758 1575921759 156
1 0 1575921779 1575921779 159
1 0 1575921787 1575921788 161
1 0 1575921789 1575921789 163
1 0 1575921791 1575921792 165
1 0 1575921794 1575921795 166
0 2 1575921771 1575921772 128
0 2 1575921783 1575921785 131
0 4 1575921660 1575921660 133
0 4 1575921670 1575921671 135
0 4 1575921734 1575921734 137
1 3 1575921655 1575921655 146
1 3 1575921699 1575921701 148
1 0 1575921660 1575921661 150
1 0 1575921670 1575921670 152
1 0 1575921673 1575921676 154
1 0 1575921678 1575921679 156
1 0 1575921682 1575921683 158
1 0 1575921740 1575921741 160
1 0 1575921754 1575921756 161
1 0 1575921758 1575921759 164
1 0 1575921779 1575921779 166
1 0 1575921787 1575921788 167
1 0 1575921789 1575921789 169
1 0 1575921791 1575921792 171
1 0 1575921794 1575921795 173
0 2 1575921771 1575921772 114
0 2 1575921783 1575921785 117
0 4 1575921660 1575921660 119
0 4 1575921670 1575921671 121
0 4 1575921734 1575921734 123
1 3 1575921655 1575921655 132
1 3 1575921699 1575921701 134
1 0 1575921660 1575921661 136
1 0 1575921670 1575921670 137
1 0 1575921673 1575921676 139
1 0 1575921678 1575921679 140
1 0 1575921682 1575921683 142
1 0 1575921740 1575921741 144
1 0 1575921754 1575921756 145
1 0 1575921758 1575921759 147
1 0 1575921779 1575921779 149
1 0 1575921787 1575921788 150
1 0 1575921789 1575921789 152
1 0 1575921791 1575921792 154
1 0 1575921794 1575921795 156
9 0 0 0 157
2 1 1575921662 1575921662 148
2 1 1575921667 1575921668 155
2 1 1575921685 1575921687 158
2 1 1575921705 1575921706 160
2 1 1575921779 1575921782 162
2 1 1575921662 1575921662 136
2 1 1575921667 1575921668 139
2 1 1575921685 1575921687 141
2 1 1575921705 1575921706 142
2 1 1575921779 1575921782 144
2 3 1575921663 1575921663 145
9 0 0 0 138
9 0 0 0 150
0 0 0 0 16
0 1 1575921646 1575921647 19
0 1 1575921649 1575921649 21
0 1 1575921657 1575921659 23
0 1 1575921660 1575921660 25
0 1 1575921663 1575921665 28
0 1 1575921672 1575921673 29
0 1 1575921688 1575921689 31
0 1 1575921689 1575921690 33
0 1 1575921693 1575921694 35
0 1 1575921698 1575921699 38
0 1 1575921710 1575921710 40
0 1 1575921710 1575921711 42
0 1 1575921713 1575921714 44
0 1 1575921716 1575921720 46
0 1 1575921725 1575921726 48
0 1 1575921728 1575921729 50
0 1 1575921733 1575921734 52
0 1 1575921737 1575921737 54
0 1 1575921739 1575921739 56
0 1 1575921743 1575921743 58
0 1 1575921744 1575921745 60
0 1 1575921750 1575921751 62
0 1 1575921762 1575921766 64
0 1 1575921774 1575921774 66
0 1 1575921782 1575921782 68
0 1 1575921790 1575921790 70
0 9 1575921649 1575921649 72
0 2 1575921655 1575921655 74
0 2 1575921697 1575921697 77
0 2 1575921707 1575921709 79
0 2 1575921712 1575921712 81
0 2 1575921727 1575921727 83
0 2 1575921735 1575921736 85
0 2 1575921741 1575921742 87
0 0 0 0 13
0 1 1575921646 1575921647 15
0 1 1575921649 1575921649 16
0 1 1575921657 1575921659 18
0 1 1575921660 1575921660 20
0 1 1575921663 1575921665 21
0 1 1575921672 1575921673 23
0 1 1575921688 1575921689 24
0 1 1575921689 1575921690 26
0 1 1575921693 1575921694 28
0 1 1575921698 1575921699 29
0 1 1575921710 1575921710 31
0 1 1575921710 1575921711 32
0 1 1575921713 1575921714 34
0 1 1575921716 1575921720 36
0 1 1575921725 1575921726 37
0 1 1575921728 1575921729 39
0 1 1575921733 1575921734 40
0 1 1575921737 1575921737 42
0 1 1575921739 1575921739 43
0 1 1575921743 1575921743 45
0 1 1575921744 1575921745 47
0 1 1575921750 1575921751 48
0 1 1575921762 1575921766 50
0 1 1575921774 1575921774 51
0 1 1575921782 1575921782 53
0 1 1575921790 1575921790 55
0 9 1575921649 1575921649 56
0 2 1575921655 1575921655 58
0 2 1575921697 1575921697 60
0 2 1575921707 1575921709 61
0 2 1575921712 1575921712 63
0 2 1575921727 1575921727 64
0 2 1575921735 1575921736 66
0 2 1575921741 1575921742 68
0 0 0 0 17
0 1 1575921646 1575921647 20
0 1 1575921649 1575921649 22
0 1 1575921657 1575921659 24
0 1 1575921660 1575921660 26
0 1 1575921663 1575921665 28
0 1 1575921672 1575921673 31
0 1 1575921688 1575921689 33
0 1 1575921689 1575921690 35
0 1 1575921693 1575921694 37
0 1 1575921698 1575921699 39
0 1 1575921710 1575921710 41
0 1 1575921710 1575921711 43
0 1 1575921713 1575921714 45
0 1 1575921716 1575921720 47
0 1 1575921725 1575921726 49
0 1 1575921728 1575921729 51
0 1 1575921733 1575921734 53
0 1 1575921737 1575921737 54
0 1 1575921739 1575921739 56
0 1 1575921743 1575921743 58
0 1 1575921744 1575921745 60
0 1 1575921750 1575921751 62
0 1 1575921762 1575921766 64
0 1 1575921774 1575921774 66
0 1 1575921782 1575921782 69
0 1 1575921790 1575921790 71
0 9 1575921649 1575921649 73
0 2 1575921655 1575921655 75
0 2 1575921697 1575921697 77
0 2 1575921707 1575921709 84
0 2 1575921712 1575921712 86
0 2 1575921727 1575921727 88
0 2 1575921735 1575921736 90
0 2 1575921741 1575921742 92
0 0 0 0 17
0 1 1575921646 1575921647 19
0 1 1575921649 1575921649 22
0 1 1575921657 1575921659 24
0 1 1575921660 1575921660 26
0 1 1575921663 1575921665 28
0 1 1575921672 1575921673 30
0 1 1575921688 1575921689 32
0 1 1575921689 1575921690 34
0 1 1575921693 1575921694 36
0 1 1575921698 1575921699 38
0 1 1575921710 1575921710 40
0 1 1575921710 1575921711 42
0 1 1575921713 1575921714 44
0 1 1575921716 1575921720 46
0 1 1575921725 1575921726 48
0 1 1575921728 1575921729 50
0 1 1575921733 1575921734 52
0 1 1575921737 1575921737 54
0 1 1575921739 1575921739 56
0 1 1575921743 1575921743 58
0 1 1575921744 1575921745 60
0 1 1575921750 1575921751 62
0 1 1575921762 1575921766 64
0 1 1575921774 1575921774 66
0 1 1575921782 1575921782 68
0 1 1575921790 1575921790 70
0 9 1575921649 1575921649 72
0 2 1575921655 1575921655 75
0 2 1575921697 1575921697 77
0 2 1575921707 1575921709 79
0 2 1575921712 1575921712 81
0 2 1575921727 1575921727 83
0 2 1575921735 1575921736 85
0 2 1575921741 1575921742 87
0 0 0 0 16
0 1 1575921646 1575921647 19
0 1 1575921649 1575921649 21
0 1 1575921657 1575921659 23
0 1 1575921660 1575921660 26
0 1 1575921663 1575921665 27
0 1 1575921672 1575921673 29
0 1 1575921688 1575921689 31
0 1 1575921689 1575921690 33
0 1 1575921693 1575921694 35
0 1 1575921698 1575921699 37
0 1 1575921710 1575921710 39
0 1 1575921710 1575921711 41
0 1 1575921713 1575921714 43
0 1 1575921716 1575921720 45
0 1 1575921725 1575921726 47
0 1 1575921728 1575921729 49
0 1 1575921733 1575921734 51
0 1 1575921737 1575921737 53
0 1 1575921739 1575921739 55
0 1 1575921743 1575921743 57
0 1 1575921744 1575921745 59
0 1 1575921750 1575921751 61
0 1 1575921762 1575921766 62
0 1 1575921774 1575921774 64
0 1 1575921782 1575921782 66
0 1 1575921790 1575921790 68
0 9 1575921649 1575921649 70
0 2 1575921655 1575921655 72
0 2 1575921697 1575921697 74
0 2 1575921707 1575921709 76
0 2 1575921712 1575921712 78
0 2 1575921727 1575921727 80
0 2 1575921735 1575921736 82
0 2 1575921741 1575921742 84
0 0 0 0 17
0 1 1575921646 1575921647 19
0 1 1575921649 1575921649 21
0 1 1575921657 1575921659 23
0 1 1575921660 1575921660 25
0 1 1575921663 1575921665 28
0 1 1575921672 1575921673 30
0 1 1575921688 1575921689 32
0 1 1575921689 1575921690 34
0 1 1575921693 1575921694 36
0 1 1575921698 1575921699 38
0 1 1575921710 1575921710 40
0 1 1575921710 1575921711 42
0 1 1575921713 1575921714 44
0 1 1575921716 1575921720 46
0 1 1575921725 1575921726 48
0 1 1575921728 1575921729 50
0 1 1575921733 1575921734 52
0 1 1575921737 1575921737 54
0 1 1575921739 1575921739 56
0 1 1575921743 1575921743 58
0 1 1575921744 1575921745 60
0 1 1575921750 1575921751 62
0 1 1575921762 1575921766 64
0 1 1575921774 1575921774 66
0 1 1575921782 1575921782 68
0 1 1575921790 1575921790 70
0 9 1575921649 1575921649 72
0 2 1575921655 1575921655 74
0 2 1575921697 1575921697 76
0 2 1575921707 1575921709 78
0 2 1575921712 1575921712 80
0 2 1575921727 1575921727 82
0 2 1575921735 1575921736 84
0 2 1575921741 1575921742 86
