0 0 0 0 11
0 1 1575921646 1575921647 13
0 1 1575921649 1575921649 15
0 1 1575921657 1575921659 16
0 1 1575921660 1575921660 18
0 1 1575921663 1575921665 19
0 1 1575921672 1575921673 21
0 1 1575921688 1575921689 23
0 1 1575921689 1575921690 24
0 1 1575921693 1575921694 26
0 1 1575921698 1575921699 27
0 1 1575921710 1575921710 29
0 1 1575921710 1575921711 31
0 1 1575921713 1575921714 32
0 1 1575921716 1575921720 34
0 1 1575921725 1575921726 35
0 1 1575921728 1575921729 37
0 1 1575921733 1575921734 38
0 1 1575921737 1575921737 40
0 1 1575921739 1575921739 42
0 1 1575921743 1575921743 43
0 1 1575921744 1575921745 45
0 1 1575921750 1575921751 47
0 1 1575921762 1575921766 48
0 1 1575921774 1575921774 50
0 1 1575921782 1575921782 51
0 1 1575921790 1575921790 53
0 0 0 0 16
0 1 1575921646 1575921647 18
0 1 1575921649 1575921649 21
0 1 1575921657 1575921659 23
0 1 1575921660 1575921660 25
0 1 1575921663 1575921665 27
0 1 1575921672 1575921673 29
0 1 1575921688 1575921689 31
0 1 1575921689 1575921690 33
0 1 1575921693 1575921694 35
0 1 1575921698 1575921699 37
0 1 1575921710 1575921710 39
0 1 1575921710 1575921711 41
0 1 1575921713 1575921714 43
0 1 1575921716 1575921720 45
0 1 1575921725 1575921726 47
0 1 1575921728 1575921729 49
0 1 1575921733 1575921734 51
0 1 1575921737 1575921737 53
0 1 1575921739 1575921739 55
0 1 1575921743 1575921743 57
0 1 1575921744 1575921745 59
0 1 1575921750 1575921751 61
0 1 1575921762 1575921766 63
0 1 1575921774 1575921774 65
0 1 1575921782 1575921782 67
0 1 1575921790 1575921790 69
0 9 1575921649 1575921649 71
9 0 0 0 79
0 0 0 0 17
0 1 1575921646 1575921647 19
0 1 1575921649 1575921649 22
0 1 1575921657 1575921659 24
0 1 1575921660 1575921660 26
0 1 1575921663 1575921665 28
0 1 1575921672 1575921673 30
0 1 1575921688 1575921689 32
0 1 1575921689 1575921690 34
0 1 1575921693 1575921694 36
0 1 1575921698 1575921699 38
0 1 1575921710 1575921710 40
0 1 1575921710 1575921711 42
0 1 1575921713 1575921714 44
0 1 1575921716 1575921720 46
0 1 1575921725 1575921726 47
0 1 1575921728 1575921729 49
0 1 1575921733 1575921734 51
0 1 1575921737 1575921737 53
0 1 1575921739 1575921739 55
0 1 1575921743 1575921743 57
0 1 1575921744 1575921745 59
0 1 1575921750 1575921751 61
0 1 1575921762 1575921766 63
0 1 1575921774 1575921774 65
0 1 1575921782 1575921782 67
0 1 1575921790 1575921790 69
0 9 1575921649 1575921649 71
9 0 0 0 80
0 0 0 0 17
0 1 1575921646 1575921647 19
0 1 1575921649 1575921649 22
0 1 1575921657 1575921659 24
0 1 1575921660 1575921660 26
0 1 1575921663 1575921665 28
0 1 1575921672 1575921673 30
0 1 1575921688 1575921689 32
0 1 1575921689 1575921690 34
0 1 1575921693 1575921694 36
0 1 1575921698 1575921699 38
0 1 1575921710 1575921710 40
0 1 1575921710 1575921711 42
0 1 1575921713 1575921714 44
0 1 1575921716 1575921720 46
0 1 1575921725 1575921726 48
0 1 1575921728 1575921729 50
0 1 1575921733 1575921734 52
0 1 1575921737 1575921737 54
0 1 1575921739 1575921739 56
0 1 1575921743 1575921743 58
0 1 1575921744 1575921745 60
0 1 1575921750 1575921751 62
0 1 1575921762 1575921766 64
0 1 1575921774 1575921774 66
0 1 1575921782 1575921782 68
0 1 1575921790 1575921790 70
0 9 1575921649 1575921649 72
9 0 0 0 80
0 2 1575921771 1575921772 144
0 2 1575921783 1575921785 147
9 0 0 0 157
0 2 1575921771 1575921772 97
0 2 1575921783 1575921785 99
1 3 1575921655 1575921655 106
1 3 1575921699 1575921701 107
9 0 0 0 110
0 2 1575921771 1575921772 133
0 2 1575921783 1575921785 136
0 4 1575921660 1575921660 138
0 4 1575921670 1575921671 140
0 4 1575921734 1575921734 142
1 3 1575921655 1575921655 151
1 3 1575921699 1575921701 153
9 0 0 0 156
0 2 1575921771 1575921772 121
0 2 1575921783 1575921785 123
0 4 1575921660 1575921660 126
0 4 1575921670 1575921671 128
0 4 1575921734 1575921734 130
1 3 1575921655 1575921655 139
1 3 1575921699 1575921701 141
1 0 1575921660 1575921661 143
1 0 1575921670 1575921670 145
1 0 1575921673 1575921676 147
1 0 1575921678 1575921679 149
1 0 1575921682 1575921683 151
1 0 1575921740 1575921741 153
1 0 1575921754 1575921756 155
1 0 1575921758 1575921759 156
1 0 1575921779 1575921779 159
1 0 1575921787 1575921788 161
1 0 1575921789 1575921789 163
1 0 1575921791 1575921792 165
1 0 1575921794 1575921795 166
0 2 1575921771 1575921772 128
0 2 1575921783 1575921785 131
0 4 1575921660 1575921660 133
0 4 1575921670 1575921671 135
0 4 1575921734 1575921734 137
1 3 1575921655 1575921655 146
1 3 1575921699 1575921701 148
1 0 1575921660 1575921661 150
1 0 1575921670 1575921670 152
1 0 1575921673 1575921676 154
1 0 1575921678 1575921679 156
1 0 1575921682 1575921683 158
1 0 1575921740 1575921741 160
1 0 1575921754 1575921756 161
1 0 1575921758 1575921759 164
1 0 1575921779 1575921779 166
1 0 1575921787 1575921788 167
1 0 1575921789 1575921789 169
1 0 1575921791 1575921792 171
1 0 1575921794 1575921795 173
0 2 1575921771 1575921772 114
0 2 1575921783 1575921785 117
0 4 1575921660 1575921660 119
0 4 1575921670 1575921671 121
0 4 1575921734 1575921734 123
1 3 1575921655 1575921655 132
1 3 1575921699 1575921701 134
1 0 1575921660 1575921661 136
1 0 1575921670 1575921670 137
1 0 1575921673 1575921676 139
1 0 1575921678 1575921679 140
1 0 1575921682 1575921683 142
1 0 1575921740 1575921741 144
1 0 1575921754 1575921756 145
1 0 1575921758 1575921759 147
1 0 1575921779 1575921779 149
1 0 1575921787 1575921788 150
1 0 1575921789 1575921789 152
1 0 1575921791 1575921792 154
1 0 1575921794 1575921795 156
0 2 1575921771 1575921772 97
0 2 1575921783 1575921785 99
0 4 1575921660 1575921660 101
0 4 1575921670 1575921671 103
0 4 1575921734 1575921734 104
1 3 1575921655 1575921655 111
1 3 1575921699 1575921701 113
1 0 1575921660 1575921661 114
1 0 1575921670 1575921670 116
1 0 1575921673 1575921676 117
1 0 1575921678 1575921679 119
1 0 1575921682 1575921683 121
1 0 1575921740 1575921741 122
1 0 1575921754 1575921756 124
1 0 1575921758 1575921759 125
1 0 1575921779 1575921779 127
1 0 1575921787 1575921788 129
1 0 1575921789 1575921789 130
1 0 1575921791 1575921792 132
1 0 1575921794 1575921795 133
0 2 1575921771 1575921772 122
0 2 1575921783 1575921785 124
0 4 1575921660 1575921660 126
0 4 1575921670 1575921671 129
0 4 1575921734 1575921734 131
1 3 1575921655 1575921655 139
1 3 1575921699 1575921701 141
1 0 1575921660 1575921661 143
1 0 1575921670 1575921670 145
1 0 1575921673 1575921676 147
1 0 1575921678 1575921679 148
1 0 1575921682 1575921683 150
1 0 1575921740 1575921741 152
1 0 1575921754 1575921756 153
1 0 1575921758 1575921759 155
1 0 1575921779 1575921779 157
1 0 1575921787 1575921788 159
1 0 1575921789 1575921789 161
1 0 1575921791 1575921792 163
1 0 1575921794 1575921795 165
3 2 1575921669 1575921670 171
0 2 1575921771 1575921772 127
0 2 1575921783 1575921785 130
0 4 1575921660 1575921660 132
0 4 1575921670 1575921671 134
0 4 1575921734 1575921734 136
1 3 1575921655 1575921655 145
1 3 1575921699 1575921701 147
1 0 1575921660 1575921661 149
1 0 1575921670 1575921670 151
1 0 1575921673 1575921676 152
1 0 1575921678 1575921679 154
1 0 1575921682 1575921683 156
1 0 1575921740 1575921741 157
1 0 1575921754 1575921756 159
1 0 1575921758 1575921759 161
1 0 1575921779 1575921779 163
1 0 1575921787 1575921788 165
1 0 1575921789 1575921789 167
1 0 1575921791 1575921792 169
1 0 1575921794 1575921795 171
3 2 1575921669 1575921670 177
0 2 1575921771 1575921772 122
0 2 1575921783 1575921785 125
0 4 1575921660 1575921660 127
0 4 1575921670 1575921671 130
0 4 1575921734 1575921734 132
0 7 1575921680 1575921680 134
1 3 1575921655 1575921655 143
1 3 1575921699 1575921701 145
1 0 1575921660 1575921661 147
1 0 1575921670 1575921670 149
1 0 1575921673 1575921676 151
1 0 1575921678 1575921679 153
1 0 1575921682 1575921683 155
1 0 1575921740 1575921741 157
1 0 1575921754 1575921756 159
1 0 1575921758 1575921759 160
1 0 1575921779 1575921779 162
1 0 1575921787 1575921788 164
1 0 1575921789 1575921789 166
1 0 1575921791 1575921792 168
1 0 1575921794 1575921795 170
3 2 1575921669 1575921670 177
0 2 1575921771 1575921772 97
0 2 1575921783 1575921785 99
0 4 1575921660 1575921660 101
0 4 1575921670 1575921671 102
0 4 1575921734 1575921734 104
0 7 1575921680 1575921680 105
1 3 1575921655 1575921655 112
1 3 1575921699 1575921701 114
1 0 1575921660 1575921661 115
1 0 1575921670 1575921670 117
1 0 1575921673 1575921676 118
1 0 1575921678 1575921679 120
1 0 1575921682 1575921683 121
1 0 1575921740 1575921741 126
1 0 1575921754 1575921756 128
1 0 1575921758 1575921759 129
1 0 1575921779 1575921779 131
1 0 1575921787 1575921788 132
1 0 1575921789 1575921789 134
1 0 1575921791 1575921792 136
1 0 1575921794 1575921795 137
3 2 1575921669 1575921670 142
3 0 1575921695 1575921696 144
0 2 1575921771 1575921772 105
0 2 1575921783 1575921785 108
0 4 1575921660 1575921660 109
0 4 1575921670 1575921671 111
0 4 1575921734 1575921734 113
0 7 1575921680 1575921680 115
1 3 1575921655 1575921655 123
1 3 1575921699 1575921701 124
1 0 1575921660 1575921661 126
1 0 1575921670 1575921670 128
1 0 1575921673 1575921676 130
1 0 1575921678 1575921679 131
1 0 1575921682 1575921683 133
1 0 1575921740 1575921741 135
1 0 1575921754 1575921756 136
1 0 1575921758 1575921759 137
1 0 1575921779 1575921779 139
1 0 1575921787 1575921788 141
1 0 1575921789 1575921789 142
1 0 1575921791 1575921792 144
1 0 1575921794 1575921795 145
3 2 1575921669 1575921670 152
3 0 1575921695 1575921696 154
3 1 1575921696 1575921697 156
3 1 1575921738 1575921739 157
0 2 1575921771 1575921772 122
0 2 1575921783 1575921785 125
0 4 1575921660 1575921660 127
0 4 1575921670 1575921671 129
0 4 1575921734 1575921734 131
0 7 1575921680 1575921680 133
0 6 1575921701 1575921703 135
0 6 1575921726 1575921726 137
0 6 1575921731 1575921732 139
1 3 1575921655 1575921655 148
1 3 1575921699 1575921701 151
1 0 1575921660 1575921661 153
1 0 1575921670 1575921670 155
1 0 1575921673 1575921676 157
1 0 1575921678 1575921679 159
1 0 1575921682 1575921683 161
1 0 1575921740 1575921741 163
1 0 1575921754 1575921756 165
1 0 1575921758 1575921759 167
1 0 1575921779 1575921779 169
1 0 1575921787 1575921788 171
1 0 1575921789 1575921789 173
1 0 1575921791 1575921792 175
1 0 1575921794 1575921795 177
3 2 1575921669 1575921670 184
3 0 1575921695 1575921696 186
3 1 1575921696 1575921697 188
3 1 1575921738 1575921739 190
0 2 1575921771 1575921772 86
0 2 1575921783 1575921785 88
0 4 1575921660 1575921660 90
0 4 1575921670 1575921671 91
0 4 1575921734 1575921734 93
0 7 1575921680 1575921680 94
0 6 1575921701 1575921703 96
0 6 1575921726 1575921726 97
0 6 1575921731 1575921732 99
1 3 1575921655 1575921655 105
1 3 1575921699 1575921701 107
1 0 1575921660 1575921661 109
1 0 1575921670 1575921670 110
1 0 1575921673 1575921676 112
1 0 1575921678 1575921679 113
1 0 1575921682 1575921683 115
1 0 1575921740 1575921741 116
1 0 1575921754 1575921756 118
1 0 1575921758 1575921759 119
1 0 1575921779 1575921779 121
1 0 1575921787 1575921788 122
1 0 1575921789 1575921789 124
1 0 1575921791 1575921792 125
1 0 1575921794 1575921795 127
3 2 1575921669 1575921670 139
3 0 1575921695 1575921696 141
3 1 1575921696 1575921697 143
3 1 1575921738 1575921739 144
0 2 1575921771 1575921772 103
0 2 1575921783 1575921785 105
0 4 1575921660 1575921660 107
0 4 1575921670 1575921671 109
0 4 1575921734 1575921734 111
0 7 1575921680 1575921680 112
0 6 1575921701 1575921703 114
0 6 1575921726 1575921726 116
0 6 1575921731 1575921732 118
1 3 1575921655 1575921655 126
1 3 1575921699 1575921701 128
1 0 1575921660 1575921661 130
1 0 1575921670 1575921670 132
1 0 1575921673 1575921676 134
1 0 1575921678 1575921679 135
1 0 1575921682 1575921683 137
1 0 1575921740 1575921741 139
1 0 1575921754 1575921756 141
1 0 1575921758 1575921759 142
1 0 1575921779 1575921779 144
1 0 1575921787 1575921788 146
1 0 1575921789 1575921789 148
1 0 1575921791 1575921792 150
1 0 1575921794 1575921795 151
3 2 1575921669 1575921670 640
3 0 1575921695 1575921696 643
3 1 1575921696 1575921697 645
3 1 1575921738 1575921739 646
0 2 1575921771 1575921772 59
0 2 1575921783 1575921785 61
0 4 1575921660 1575921660 62
0 4 1575921670 1575921671 63
0 4 1575921734 1575921734 63
0 7 1575921680 1575921680 64
0 6 1575921701 1575921703 65
0 6 1575921726 1575921726 66
0 6 1575921731 1575921732 67
1 3 1575921655 1575921655 72
1 3 1575921699 1575921701 73
1 0 1575921660 1575921661 74
1 0 1575921670 1575921670 75
1 0 1575921673 1575921676 75
1 0 1575921678 1575921679 76
1 0 1575921682 1575921683 77
1 0 1575921740 1575921741 78
1 0 1575921754 1575921756 79
1 0 1575921758 1575921759 80
1 0 1575921779 1575921779 80
1 0 1575921787 1575921788 81
1 0 1575921789 1575921789 82
1 0 1575921791 1575921792 83
1 0 1575921794 1575921795 84
1 4 1575921723 1575921725 85
3 2 1575921669 1575921670 92
3 0 1575921695 1575921696 93
3 1 1575921696 1575921697 94
3 1 1575921738 1575921739 95
0 2 1575921771 1575921772 129
0 2 1575921783 1575921785 132
0 4 1575921660 1575921660 134
0 4 1575921670 1575921671 136
0 4 1575921734 1575921734 138
0 7 1575921680 1575921680 140
0 6 1575921701 1575921703 142
0 6 1575921726 1575921726 144
0 6 1575921731 1575921732 146
0 3 1575921726 1575921726 148
0 3 1575921745 1575921745 150
1 3 1575921655 1575921655 160
1 3 1575921699 1575921701 162
1 0 1575921660 1575921661 164
1 0 1575921670 1575921670 166
1 0 1575921673 1575921676 168
1 0 1575921678 1575921679 170
1 0 1575921682 1575921683 172
1 0 1575921740 1575921741 174
1 0 1575921754 1575921756 176
1 0 1575921758 1575921759 178
1 0 1575921779 1575921779 180
1 0 1575921787 1575921788 182
1 0 1575921789 1575921789 184
1 0 1575921791 1575921792 186
1 0 1575921794 1575921795 188
1 4 1575921723 1575921725 190
9 0 0 0 157
9 2 1575921666 1575921667 157
9 0 0 0 160
2 1 1575921662 1575921662 151
2 1 1575921667 1575921668 153
2 1 1575921685 1575921687 156
2 1 1575921705 1575921706 158
2 1 1575921779 1575921782 160
2 3 1575921663 1575921663 162
4 0 1575921677 1575921678 139
9 2 1575921666 1575921667 144
9 0 0 0 146
4 0 1575921677 1575921678 112
3 2 1575921669 1575921670 168
3 0 1575921695 1575921696 170
3 1 1575921696 1575921697 172
3 1 1575921738 1575921739 174
4 0 1575921677 1575921678 176
9 2 1575921666 1575921667 178
9 0 0 0 179
2 1 1575921662 1575921662 148
2 1 1575921667 1575921668 155
2 1 1575921685 1575921687 158
2 1 1575921705 1575921706 160
2 1 1575921779 1575921782 162
2 1 1575921662 1575921662 136
2 1 1575921667 1575921668 139
2 1 1575921685 1575921687 141
2 1 1575921705 1575921706 142
2 1 1575921779 1575921782 144
2 3 1575921663 1575921663 145
2 1 1575921662 1575921662 121
2 1 1575921667 1575921668 132
2 1 1575921685 1575921687 134
2 1 1575921705 1575921706 136
2 1 1575921779 1575921782 138
2 3 1575921663 1575921663 140
2 1 1575921662 1575921662 146
2 1 1575921667 1575921668 148
2 1 1575921685 1575921687 149
2 1 1575921705 1575921706 149
2 1 1575921779 1575921782 150
2 3 1575921663 1575921663 151
2 1 1575921662 1575921662 134
2 1 1575921667 1575921668 137
2 1 1575921685 1575921687 138
2 1 1575921705 1575921706 140
2 1 1575921779 1575921782 141
2 3 1575921663 1575921663 143
9 2 1575921666 1575921667 118
9 0 0 0 126
9 2 1575921666 1575921667 80
9 0 0 0 82
9 0 0 0 138
2 1 1575921662 1575921662 148
2 1 1575921667 1575921668 150
2 1 1575921685 1575921687 152
2 1 1575921705 1575921706 154
2 1 1575921779 1575921782 156
2 3 1575921663 1575921663 157
4 0 1575921677 1575921678 153
2 1 1575921662 1575921662 146
2 1 1575921667 1575921668 148
2 1 1575921685 1575921687 149
2 1 1575921705 1575921706 150
2 1 1575921779 1575921782 151
2 3 1575921663 1575921663 152
2 0 1575921705 1575921705 153
2 1 1575921662 1575921662 167
2 1 1575921667 1575921668 170
2 1 1575921685 1575921687 171
2 1 1575921705 1575921706 173
2 1 1575921779 1575921782 175
2 3 1575921663 1575921663 176
2 0 1575921705 1575921705 178
2 1 1575921662 1575921662 118
2 1 1575921667 1575921668 121
2 1 1575921685 1575921687 122
2 1 1575921705 1575921706 124
2 1 1575921779 1575921782 126
2 3 1575921663 1575921663 128
9 2 1575921666 1575921667 156
9 0 0 0 161
4 0 1575921677 1575921678 151
2 1 1575921662 1575921662 75
2 1 1575921667 1575921668 79
2 1 1575921685 1575921687 81
2 1 1575921705 1575921706 83
2 1 1575921779 1575921782 84
2 3 1575921663 1575921663 86
2 0 1575921705 1575921705 87
2 1 1575921662 1575921662 144
2 1 1575921667 1575921668 147
2 1 1575921685 1575921687 148
2 1 1575921705 1575921706 150
2 1 1575921779 1575921782 152
2 3 1575921663 1575921663 153
4 0 1575921677 1575921678 151
9 2 1575921666 1575921667 158
9 0 0 0 160
4 0 1575921677 1575921678 153
4 0 1575921677 1575921678 120
9 2 1575921666 1575921667 122
9 0 0 0 124
4 0 1575921677 1575921678 78
9 0 0 0 150
9 2 1575921666 1575921667 128
9 0 0 0 132
9 2 1575921666 1575921667 147
9 0 0 0 156
2 1 1575921662 1575921662 109
2 1 1575921667 1575921668 112
2 1 1575921685 1575921687 114
2 1 1575921705 1575921706 117
2 1 1575921779 1575921782 119
2 3 1575921663 1575921663 120
9 2 1575921666 1575921667 154
9 0 0 0 156
0 0 0 0 16
0 1 1575921646 1575921647 19
0 1 1575921649 1575921649 21
0 1 1575921657 1575921659 23
0 1 1575921660 1575921660 25
0 1 1575921663 1575921665 28
0 1 1575921672 1575921673 29
0 1 1575921688 1575921689 31
0 1 1575921689 1575921690 33
0 1 1575921693 1575921694 35
0 1 1575921698 1575921699 38
0 1 1575921710 1575921710 40
0 1 1575921710 1575921711 42
0 1 1575921713 1575921714 44
0 1 1575921716 1575921720 46
0 1 1575921725 1575921726 48
0 1 1575921728 1575921729 50
0 1 1575921733 1575921734 52
0 1 1575921737 1575921737 54
0 1 1575921739 1575921739 56
0 1 1575921743 1575921743 58
0 1 1575921744 1575921745 60
0 1 1575921750 1575921751 62
0 1 1575921762 1575921766 64
0 1 1575921774 1575921774 66
0 1 1575921782 1575921782 68
0 1 1575921790 1575921790 70
0 9 1575921649 1575921649 72
0 2 1575921655 1575921655 74
0 2 1575921697 1575921697 77
0 2 1575921707 1575921709 79
0 2 1575921712 1575921712 81
0 2 1575921727 1575921727 83
0 2 1575921735 1575921736 85
0 2 1575921741 1575921742 87
0 0 0 0 13
0 1 1575921646 1575921647 15
0 1 1575921649 1575921649 16
0 1 1575921657 1575921659 18
0 1 1575921660 1575921660 20
0 1 1575921663 1575921665 21
0 1 1575921672 1575921673 23
0 1 1575921688 1575921689 24
0 1 1575921689 1575921690 26
0 1 1575921693 1575921694 28
0 1 1575921698 1575921699 29
0 1 1575921710 1575921710 31
0 1 1575921710 1575921711 32
0 1 1575921713 1575921714 34
0 1 1575921716 1575921720 36
0 1 1575921725 1575921726 37
0 1 1575921728 1575921729 39
0 1 1575921733 1575921734 40
0 1 1575921737 1575921737 42
0 1 1575921739 1575921739 43
0 1 1575921743 1575921743 45
0 1 1575921744 1575921745 47
0 1 1575921750 1575921751 48
0 1 1575921762 1575921766 50
0 1 1575921774 1575921774 51
0 1 1575921782 1575921782 53
0 1 1575921790 1575921790 55
0 9 1575921649 1575921649 56
0 2 1575921655 1575921655 58
0 2 1575921697 1575921697 60
0 2 1575921707 1575921709 61
0 2 1575921712 1575921712 63
0 2 1575921727 1575921727 64
0 2 1575921735 1575921736 66
0 2 1575921741 1575921742 68
0 0 0 0 17
0 1 1575921646 1575921647 20
0 1 1575921649 1575921649 22
0 1 1575921657 1575921659 24
0 1 1575921660 1575921660 26
0 1 1575921663 1575921665 28
0 1 1575921672 1575921673 31
0 1 1575921688 1575921689 33
0 1 1575921689 1575921690 35
0 1 1575921693 1575921694 37
0 1 1575921698 1575921699 39
0 1 1575921710 1575921710 41
0 1 1575921710 1575921711 43
0 1 1575921713 1575921714 45
0 1 1575921716 1575921720 47
0 1 1575921725 1575921726 49
0 1 1575921728 1575921729 51
0 1 1575921733 1575921734 53
0 1 1575921737 1575921737 54
0 1 1575921739 1575921739 56
0 1 1575921743 1575921743 58
0 1 1575921744 1575921745 60
0 1 1575921750 1575921751 62
0 1 1575921762 1575921766 64
0 1 1575921774 1575921774 66
0 1 1575921782 1575921782 69
0 1 1575921790 1575921790 71
0 9 1575921649 1575921649 73
0 2 1575921655 1575921655 75
0 2 1575921697 1575921697 77
0 2 1575921707 1575921709 84
0 2 1575921712 1575921712 86
0 2 1575921727 1575921727 88
0 2 1575921735 1575921736 90
0 2 1575921741 1575921742 92
0 0 0 0 17
0 1 1575921646 1575921647 19
0 1 1575921649 1575921649 22
0 1 1575921657 1575921659 24
0 1 1575921660 1575921660 26
0 1 1575921663 1575921665 28
0 1 1575921672 1575921673 30
0 1 1575921688 1575921689 32
0 1 1575921689 1575921690 34
0 1 1575921693 1575921694 36
0 1 1575921698 1575921699 38
0 1 1575921710 1575921710 40
0 1 1575921710 1575921711 42
0 1 1575921713 1575921714 44
0 1 1575921716 1575921720 46
0 1 1575921725 1575921726 48
0 1 1575921728 1575921729 50
0 1 1575921733 1575921734 52
0 1 1575921737 1575921737 54
0 1 1575921739 1575921739 56
0 1 1575921743 1575921743 58
0 1 1575921744 1575921745 60
0 1 1575921750 1575921751 62
0 1 1575921762 1575921766 64
0 1 1575921774 1575921774 66
0 1 1575921782 1575921782 68
0 1 1575921790 1575921790 70
0 9 1575921649 1575921649 72
0 2 1575921655 1575921655 75
0 2 1575921697 1575921697 77
0 2 1575921707 1575921709 79
0 2 1575921712 1575921712 81
0 2 1575921727 1575921727 83
0 2 1575921735 1575921736 85
0 2 1575921741 1575921742 87
0 0 0 0 16
0 1 1575921646 1575921647 19
0 1 1575921649 1575921649 21
0 1 1575921657 1575921659 23
0 1 1575921660 1575921660 26
0 1 1575921663 1575921665 27
0 1 1575921672 1575921673 29
0 1 1575921688 1575921689 31
0 1 1575921689 1575921690 33
0 1 1575921693 1575921694 35
0 1 1575921698 1575921699 37
0 1 1575921710 1575921710 39
0 1 1575921710 1575921711 41
0 1 1575921713 1575921714 43
0 1 1575921716 1575921720 45
0 1 1575921725 1575921726 47
0 1 1575921728 1575921729 49
0 1 1575921733 1575921734 51
0 1 1575921737 1575921737 53
0 1 1575921739 1575921739 55
0 1 1575921743 1575921743 57
0 1 1575921744 1575921745 59
0 1 1575921750 1575921751 61
0 1 1575921762 1575921766 62
0 1 1575921774 1575921774 64
0 1 1575921782 1575921782 66
0 1 1575921790 1575921790 68
0 9 1575921649 1575921649 70
0 2 1575921655 1575921655 72
0 2 1575921697 1575921697 74
0 2 1575921707 1575921709 76
0 2 1575921712 1575921712 78
0 2 1575921727 1575921727 80
0 2 1575921735 1575921736 82
0 2 1575921741 1575921742 84
0 0 0 0 17
0 1 1575921646 1575921647 19
0 1 1575921649 1575921649 21
0 1 1575921657 1575921659 23
0 1 1575921660 1575921660 25
0 1 1575921663 1575921665 28
0 1 1575921672 1575921673 30
0 1 1575921688 1575921689 32
0 1 1575921689 1575921690 34
0 1 1575921693 1575921694 36
0 1 1575921698 1575921699 38
0 1 1575921710 1575921710 40
0 1 1575921710 1575921711 42
0 1 1575921713 1575921714 44
0 1 1575921716 1575921720 46
0 1 1575921725 1575921726 48
0 1 1575921728 1575921729 50
0 1 1575921733 1575921734 52
0 1 1575921737 1575921737 54
0 1 1575921739 1575921739 56
0 1 1575921743 1575921743 58
0 1 1575921744 1575921745 60
0 1 1575921750 1575921751 62
0 1 1575921762 1575921766 64
0 1 1575921774 1575921774 66
0 1 1575921782 1575921782 68
0 1 1575921790 1575921790 70
0 9 1575921649 1575921649 72
0 2 1575921655 1575921655 74
0 2 1575921697 1575921697 76
0 2 1575921707 1575921709 78
0 2 1575921712 1575921712 80
0 2 1575921727 1575921727 82
0 2 1575921735 1575921736 84
0 2 1575921741 1575921742 86
0 0 0 0 14
0 1 1575921646 1575921647 16
0 1 1575921649 1575921649 18
0 1 1575921657 1575921659 20
0 1 1575921660 1575921660 22
0 1 1575921663 1575921665 23
0 1 1575921672 1575921673 25
0 1 1575921688 1575921689 27
0 1 1575921689 1575921690 28
0 1 1575921693 1575921694 30
0 1 1575921698 1575921699 31
0 1 1575921710 1575921710 33
0 1 1575921710 1575921711 35
0 1 1575921713 1575921714 36
0 1 1575921716 1575921720 38
0 1 1575921725 1575921726 39
0 1 1575921728 1575921729 41
0 1 1575921733 1575921734 43
0 1 1575921737 1575921737 44
0 1 1575921739 1575921739 46
0 1 1575921743 1575921743 47
0 1 1575921744 1575921745 49
0 1 1575921750 1575921751 51
0 1 1575921762 1575921766 52
0 1 1575921774 1575921774 54
0 1 1575921782 1575921782 55
0 1 1575921790 1575921790 57
0 9 1575921649 1575921649 58
0 2 1575921655 1575921655 60
0 2 1575921697 1575921697 62
0 2 1575921707 1575921709 64
0 2 1575921712 1575921712 65
0 2 1575921727 1575921727 67
0 2 1575921735 1575921736 68
0 2 1575921741 1575921742 70
0 0 0 0 18
0 1 1575921646 1575921647 21
0 1 1575921649 1575921649 23
0 1 1575921657 1575921659 25
0 1 1575921660 1575921660 27
0 1 1575921663 1575921665 29
0 1 1575921672 1575921673 31
0 1 1575921688 1575921689 33
0 1 1575921689 1575921690 35
0 1 1575921693 1575921694 37
0 1 1575921698 1575921699 39
0 1 1575921710 1575921710 41
0 1 1575921710 1575921711 43
0 1 1575921713 1575921714 45
0 1 1575921716 1575921720 47
0 1 1575921725 1575921726 49
0 1 1575921728 1575921729 51
0 1 1575921733 1575921734 53
0 1 1575921737 1575921737 55
0 1 1575921739 1575921739 57
0 1 1575921743 1575921743 59
0 1 1575921744 1575921745 61
0 1 1575921750 1575921751 63
0 1 1575921762 1575921766 65
0 1 1575921774 1575921774 67
0 1 1575921782 1575921782 69
0 1 1575921790 1575921790 71
0 9 1575921649 1575921649 73
0 2 1575921655 1575921655 75
0 2 1575921697 1575921697 77
0 2 1575921707 1575921709 79
0 2 1575921712 1575921712 81
0 2 1575921727 1575921727 83
0 2 1575921735 1575921736 85
0 2 1575921741 1575921742 87
0 0 0 0 18
0 1 1575921646 1575921647 21
0 1 1575921649 1575921649 23
0 1 1575921657 1575921659 25
0 1 1575921660 1575921660 28
0 1 1575921663 1575921665 30
0 1 1575921672 1575921673 32
0 1 1575921688 1575921689 34
0 1 1575921689 1575921690 36
0 1 1575921693 1575921694 38
0 1 1575921698 1575921699 40
0 1 1575921710 1575921710 42
0 1 1575921710 1575921711 44
0 1 1575921713 1575921714 46
0 1 1575921716 1575921720 48
0 1 1575921725 1575921726 50
0 1 1575921728 1575921729 52
0 1 1575921733 1575921734 54
0 1 1575921737 1575921737 56
0 1 1575921739 1575921739 58
0 1 1575921743 1575921743 60
0 1 1575921744 1575921745 62
0 1 1575921750 1575921751 64
0 1 1575921762 1575921766 66
0 1 1575921774 1575921774 68
0 1 1575921782 1575921782 70
0 1 1575921790 1575921790 72
0 9 1575921649 1575921649 74
0 2 1575921655 1575921655 76
0 2 1575921697 1575921697 78
0 2 1575921707 1575921709 80
0 2 1575921712 1575921712 82
0 2 1575921727 1575921727 84
0 2 1575921735 1575921736 86
0 2 1575921741 1575921742 88
0 0 0 0 18
0 1 1575921646 1575921647 20
0 1 1575921649 1575921649 22
0 1 1575921657 1575921659 24
0 1 1575921660 1575921660 26
0 1 1575921663 1575921665 28
0 1 1575921672 1575921673 30
0 1 1575921688 1575921689 32
0 1 1575921689 1575921690 34
0 1 1575921693 1575921694 36
0 1 1575921698 1575921699 38
0 1 1575921710 1575921710 40
0 1 1575921710 1575921711 42
0 1 1575921713 1575921714 44
0 1 1575921716 1575921720 46
0 1 1575921725 1575921726 48
0 1 1575921728 1575921729 50
0 1 1575921733 1575921734 52
0 1 1575921737 1575921737 54
0 1 1575921739 1575921739 56
0 1 1575921743 1575921743 58
0 1 1575921744 1575921745 60
0 1 1575921750 1575921751 62
0 1 1575921762 1575921766 64
0 1 1575921774 1575921774 66
0 1 1575921782 1575921782 68
0 1 1575921790 1575921790 70
0 9 1575921649 1575921649 72
0 2 1575921655 1575921655 74
0 2 1575921697 1575921697 77
0 2 1575921707 1575921709 79
0 2 1575921712 1575921712 81
0 2 1575921727 1575921727 83
0 2 1575921735 1575921736 85
0 2 1575921741 1575921742 87
0 0 0 0 12
0 1 1575921646 1575921647 14
0 1 1575921649 1575921649 16
0 1 1575921657 1575921659 18
0 1 1575921660 1575921660 20
0 1 1575921663 1575921665 21
0 1 1575921672 1575921673 23
0 1 1575921688 1575921689 24
0 1 1575921689 1575921690 26
0 1 1575921693 1575921694 28
0 1 1575921698 1575921699 29
0 1 1575921710 1575921710 31
0 1 1575921710 1575921711 32
0 1 1575921713 1575921714 34
0 1 1575921716 1575921720 35
0 1 1575921725 1575921726 37
0 1 1575921728 1575921729 38
0 1 1575921733 1575921734 40
0 1 1575921737 1575921737 42
0 1 1575921739 1575921739 43
0 1 1575921743 1575921743 45
0 1 1575921744 1575921745 47
0 1 1575921750 1575921751 48
0 1 1575921762 1575921766 50
0 1 1575921774 1575921774 51
0 1 1575921782 1575921782 53
0 1 1575921790 1575921790 54
0 9 1575921649 1575921649 56
0 2 1575921655 1575921655 57
0 2 1575921697 1575921697 59
0 2 1575921707 1575921709 60
0 2 1575921712 1575921712 62
0 2 1575921727 1575921727 64
0 2 1575921735 1575921736 65
0 2 1575921741 1575921742 67
0 0 0 0 14
0 1 1575921646 1575921647 16
0 1 1575921649 1575921649 18
0 1 1575921657 1575921659 20
0 1 1575921660 1575921660 22
0 1 1575921663 1575921665 23
0 1 1575921672 1575921673 25
0 1 1575921688 1575921689 27
0 1 1575921689 1575921690 29
0 1 1575921693 1575921694 31
0 1 1575921698 1575921699 32
0 1 1575921710 1575921710 34
0 1 1575921710 1575921711 36
0 1 1575921713 1575921714 38
0 1 1575921716 1575921720 39
0 1 1575921725 1575921726 41
0 1 1575921728 1575921729 43
0 1 1575921733 1575921734 45
0 1 1575921737 1575921737 46
0 1 1575921739 1575921739 48
0 1 1575921743 1575921743 50
0 1 1575921744 1575921745 52
0 1 1575921750 1575921751 53
0 1 1575921762 1575921766 55
0 1 1575921774 1575921774 57
0 1 1575921782 1575921782 59
0 1 1575921790 1575921790 60
0 9 1575921649 1575921649 62
0 2 1575921655 1575921655 64
0 2 1575921697 1575921697 66
0 2 1575921707 1575921709 68
0 2 1575921712 1575921712 70
0 2 1575921727 1575921727 71
0 2 1575921735 1575921736 73
0 2 1575921741 1575921742 75
0 0 0 0 18
0 1 1575921646 1575921647 21
0 1 1575921649 1575921649 23
0 1 1575921657 1575921659 25
0 1 1575921660 1575921660 27
0 1 1575921663 1575921665 29
0 1 1575921672 1575921673 31
0 1 1575921688 1575921689 33
0 1 1575921689 1575921690 35
0 1 1575921693 1575921694 37
0 1 1575921698 1575921699 39
0 1 1575921710 1575921710 41
0 1 1575921710 1575921711 43
0 1 1575921713 1575921714 45
0 1 1575921716 1575921720 47
0 1 1575921725 1575921726 49
0 1 1575921728 1575921729 51
0 1 1575921733 1575921734 53
0 1 1575921737 1575921737 55
0 1 1575921739 1575921739 56
0 1 1575921743 1575921743 58
0 1 1575921744 1575921745 60
0 1 1575921750 1575921751 62
0 1 1575921762 1575921766 64
0 1 1575921774 1575921774 66
0 1 1575921782 1575921782 68
0 1 1575921790 1575921790 70
0 9 1575921649 1575921649 72
0 2 1575921655 1575921655 74
0 2 1575921697 1575921697 77
0 2 1575921707 1575921709 79
0 2 1575921712 1575921712 80
0 2 1575921727 1575921727 83
0 2 1575921735 1575921736 85
0 2 1575921741 1575921742 86
0 0 0 0 13
0 1 1575921646 1575921647 15
0 1 1575921649 1575921649 17
0 1 1575921657 1575921659 18
0 1 1575921660 1575921660 20
0 1 1575921663 1575921665 21
0 1 1575921672 1575921673 23
0 1 1575921688 1575921689 24
0 1 1575921689 1575921690 26
0 1 1575921693 1575921694 27
0 1 1575921698 1575921699 29
0 1 1575921710 1575921710 30
0 1 1575921710 1575921711 32
0 1 1575921713 1575921714 33
0 1 1575921716 1575921720 35
0 1 1575921725 1575921726 36
0 1 1575921728 1575921729 38
0 1 1575921733 1575921734 40
0 1 1575921737 1575921737 41
0 1 1575921739 1575921739 43
0 1 1575921743 1575921743 44
0 1 1575921744 1575921745 45
0 1 1575921750 1575921751 47
0 1 1575921762 1575921766 48
0 1 1575921774 1575921774 50
0 1 1575921782 1575921782 51
0 1 1575921790 1575921790 53
0 9 1575921649 1575921649 55
0 2 1575921655 1575921655 56
0 2 1575921697 1575921697 58
0 2 1575921707 1575921709 59
0 2 1575921712 1575921712 61
0 2 1575921727 1575921727 62
0 2 1575921735 1575921736 64
0 2 1575921741 1575921742 65
0 0 0 0 15
0 1 1575921646 1575921647 17
0 1 1575921649 1575921649 20
0 1 1575921657 1575921659 21
0 1 1575921660 1575921660 23
0 1 1575921663 1575921665 25
0 1 1575921672 1575921673 27
0 1 1575921688 1575921689 28
0 1 1575921689 1575921690 30
0 1 1575921693 1575921694 32
0 1 1575921698 1575921699 34
0 1 1575921710 1575921710 35
0 1 1575921710 1575921711 37
0 1 1575921713 1575921714 39
0 1 1575921716 1575921720 41
0 1 1575921725 1575921726 42
0 1 1575921728 1575921729 44
0 1 1575921733 1575921734 46
0 1 1575921737 1575921737 48
0 1 1575921739 1575921739 50
0 1 1575921743 1575921743 51
0 1 1575921744 1575921745 53
0 1 1575921750 1575921751 55
0 1 1575921762 1575921766 57
0 1 1575921774 1575921774 58
0 1 1575921782 1575921782 60
0 1 1575921790 1575921790 62
0 9 1575921649 1575921649 64
0 2 1575921655 1575921655 66
0 2 1575921697 1575921697 68
0 2 1575921707 1575921709 69
0 2 1575921712 1575921712 71
0 2 1575921727 1575921727 73
0 2 1575921735 1575921736 75
0 2 1575921741 1575921742 76
0 0 0 0 10
0 1 1575921646 1575921647 11
0 1 1575921649 1575921649 12
0 1 1575921657 1575921659 13
0 1 1575921660 1575921660 14
0 1 1575921663 1575921665 15
0 1 1575921672 1575921673 16
0 1 1575921688 1575921689 17
0 1 1575921689 1575921690 17
0 1 1575921693 1575921694 18
0 1 1575921698 1575921699 19
0 1 1575921710 1575921710 20
0 1 1575921710 1575921711 21
0 1 1575921713 1575921714 22
0 1 1575921716 1575921720 22
0 1 1575921725 1575921726 23
0 1 1575921728 1575921729 24
0 1 1575921733 1575921734 25
0 1 1575921737 1575921737 26
0 1 1575921739 1575921739 27
0 1 1575921743 1575921743 28
0 1 1575921744 1575921745 28
0 1 1575921750 1575921751 29
0 1 1575921762 1575921766 30
0 1 1575921774 1575921774 31
0 1 1575921782 1575921782 32
0 1 1575921790 1575921790 33
0 9 1575921649 1575921649 33
0 2 1575921655 1575921655 34
0 2 1575921697 1575921697 35
0 2 1575921707 1575921709 36
0 2 1575921712 1575921712 37
0 2 1575921727 1575921727 38
0 2 1575921735 1575921736 38
0 2 1575921741 1575921742 39
0 0 0 0 16
0 1 1575921646 1575921647 19
0 1 1575921649 1575921649 22
0 1 1575921657 1575921659 24
0 1 1575921660 1575921660 25
0 1 1575921663 1575921665 27
0 1 1575921672 1575921673 29
0 1 1575921688 1575921689 31
0 1 1575921689 1575921690 33
0 1 1575921693 1575921694 35
0 1 1575921698 1575921699 37
0 1 1575921710 1575921710 39
0 1 1575921710 1575921711 41
0 1 1575921713 1575921714 43
0 1 1575921716 1575921720 45
0 1 1575921725 1575921726 47
0 1 1575921728 1575921729 49
0 1 1575921733 1575921734 51
0 1 1575921737 1575921737 53
0 1 1575921739 1575921739 55
0 1 1575921743 1575921743 57
0 1 1575921744 1575921745 59
0 1 1575921750 1575921751 61
0 1 1575921762 1575921766 63
0 1 1575921774 1575921774 65
0 1 1575921782 1575921782 67
0 1 1575921790 1575921790 69
0 9 1575921649 1575921649 71
0 2 1575921655 1575921655 73
0 2 1575921697 1575921697 75
0 2 1575921707 1575921709 77
0 2 1575921712 1575921712 79
0 2 1575921727 1575921727 81
0 2 1575921735 1575921736 83
0 2 1575921741 1575921742 85
