0 0 0 0 7
0 1 1575921646 1575921647 9
0 1 1575921649 1575921649 11
0 1 1575921657 1575921659 13
0 1 1575921660 1575921660 15
0 1 1575921663 1575921665 16
0 1 1575921672 1575921673 18
0 1 1575921688 1575921689 19
0 1 1575921689 1575921690 21
0 1 1575921693 1575921694 22
0 1 1575921698 1575921699 24
0 1 1575921710 1575921710 26
0 1 1575921710 1575921711 27
0 1 1575921713 1575921714 29
0 1 1575921716 1575921720 30
0 1 1575921725 1575921726 32
0 1 1575921728 1575921729 33
0 1 1575921733 1575921734 35
0 1 1575921737 1575921737 37
0 1 1575921739 1575921739 38
0 1 1575921743 1575921743 40
0 1 1575921744 1575921745 41
0 1 1575921750 1575921751 43
0 1 1575921762 1575921766 44
0 1 1575921774 1575921774 46
0 1 1575921782 1575921782 48
0 1 1575921790 1575921790 49
0 0 0 0 6
0 1 1575921646 1575921647 8
0 1 1575921649 1575921649 10
0 1 1575921657 1575921659 11
0 1 1575921660 1575921660 13
0 1 1575921663 1575921665 14
0 1 1575921672 1575921673 16
0 1 1575921688 1575921689 17
0 1 1575921689 1575921690 19
0 1 1575921693 1575921694 20
0 1 1575921698 1575921699 22
0 1 1575921710 1575921710 24
0 1 1575921710 1575921711 26
0 1 1575921713 1575921714 27
0 1 1575921716 1575921720 29
0 1 1575921725 1575921726 31
0 1 1575921728 1575921729 33
0 1 1575921733 1575921734 34
0 1 1575921737 1575921737 36
0 1 1575921739 1575921739 38
0 1 1575921743 1575921743 40
0 1 1575921744 1575921745 41
0 1 1575921750 1575921751 43
0 1 1575921762 1575921766 45
0 1 1575921774 1575921774 46
0 1 1575921782 1575921782 48
0 1 1575921790 1575921790 50
0 9 1575921649 1575921649 52
9 0 0 0 60
0 0 0 0 6
0 1 1575921646 1575921647 7
0 1 1575921649 1575921649 9
0 1 1575921657 1575921659 10
0 1 1575921660 1575921660 11
0 1 1575921663 1575921665 13
0 1 1575921672 1575921673 14
0 1 1575921688 1575921689 16
0 1 1575921689 1575921690 18
0 1 1575921693 1575921694 20
0 1 1575921698 1575921699 22
0 1 1575921710 1575921710 24
0 1 1575921710 1575921711 26
0 1 1575921713 1575921714 28
0 1 1575921716 1575921720 30
0 1 1575921725 1575921726 32
0 1 1575921728 1575921729 34
0 1 1575921733 1575921734 36
0 1 1575921737 1575921737 38
0 1 1575921739 1575921739 40
0 1 1575921743 1575921743 42
0 1 1575921744 1575921745 44
0 1 1575921750 1575921751 46
0 1 1575921762 1575921766 48
0 1 1575921774 1575921774 50
0 1 1575921782 1575921782 52
0 1 1575921790 1575921790 54
0 9 1575921649 1575921649 56
9 0 0 0 64
0 0 0 0 10
0 1 1575921646 1575921647 13
0 1 1575921649 1575921649 15
0 1 1575921657 1575921659 17
0 1 1575921660 1575921660 18
0 1 1575921663 1575921665 20
0 1 1575921672 1575921673 21
0 1 1575921688 1575921689 22
0 1 1575921689 1575921690 24
0 1 1575921693 1575921694 25
0 1 1575921698 1575921699 25
0 1 1575921710 1575921710 26
0 1 1575921710 1575921711 27
0 1 1575921713 1575921714 28
0 1 1575921716 1575921720 29
0 1 1575921725 1575921726 30
0 1 1575921728 1575921729 31
0 1 1575921733 1575921734 31
0 1 1575921737 1575921737 32
0 1 1575921739 1575921739 33
0 1 1575921743 1575921743 34
0 1 1575921744 1575921745 35
0 1 1575921750 1575921751 36
0 1 1575921762 1575921766 38
0 1 1575921774 1575921774 39
0 1 1575921782 1575921782 40
0 1 1575921790 1575921790 41
0 9 1575921649 1575921649 42
9 0 0 0 46
0 2 1575921783 1575921785 111
9 0 0 0 121
0 2 1575921783 1575921785 86
1 3 1575921655 1575921655 92
1 3 1575921699 1575921701 94
9 0 0 0 96
0 2 1575921771 1575921772 111
0 2 1575921783 1575921785 114
0 4 1575921660 1575921660 116
0 4 1575921670 1575921671 118
0 4 1575921734 1575921734 120
1 3 1575921655 1575921655 128
1 3 1575921699 1575921701 131
0 2 1575921771 1575921772 172
0 2 1575921783 1575921785 174
0 4 1575921660 1575921660 176
0 4 1575921670 1575921671 178
0 4 1575921734 1575921734 180
1 3 1575921655 1575921655 190
1 3 1575921699 1575921701 192
1 0 1575921660 1575921661 193
1 0 1575921670 1575921670 195
1 0 1575921673 1575921676 197
1 0 1575921678 1575921679 199
1 0 1575921682 1575921683 201
1 0 1575921740 1575921741 203
1 0 1575921754 1575921756 205
1 0 1575921758 1575921759 207
1 0 1575921779 1575921779 209
1 0 1575921787 1575921788 211
1 0 1575921789 1575921789 213
1 0 1575921791 1575921792 215
1 0 1575921794 1575921795 217
9 0 0 0 132
9 0 0 0 193
0 0 0 0 7
0 1 1575921646 1575921647 8
0 1 1575921649 1575921649 9
0 1 1575921657 1575921659 10
0 1 1575921660 1575921660 12
0 1 1575921663 1575921665 14
0 1 1575921672 1575921673 15
0 1 1575921688 1575921689 17
0 1 1575921689 1575921690 18
0 1 1575921693 1575921694 20
0 1 1575921698 1575921699 22
0 1 1575921710 1575921710 24
0 1 1575921710 1575921711 26
0 1 1575921713 1575921714 28
0 1 1575921716 1575921720 30
0 1 1575921725 1575921726 31
0 1 1575921728 1575921729 33
0 1 1575921733 1575921734 35
0 1 1575921737 1575921737 37
0 1 1575921739 1575921739 39
0 1 1575921743 1575921743 41
0 1 1575921744 1575921745 43
0 1 1575921750 1575921751 45
0 1 1575921762 1575921766 47
0 1 1575921774 1575921774 49
0 1 1575921782 1575921782 51
0 1 1575921790 1575921790 53
0 9 1575921649 1575921649 55
0 2 1575921655 1575921655 57
0 2 1575921697 1575921697 60
0 2 1575921707 1575921709 62
0 2 1575921712 1575921712 64
0 2 1575921727 1575921727 66
0 2 1575921735 1575921736 68
0 2 1575921741 1575921742 70
0 2 1575921761 1575921761 72
0 0 0 0 6
0 1 1575921646 1575921647 7
0 1 1575921649 1575921649 9
0 1 1575921657 1575921659 11
0 1 1575921660 1575921660 12
0 1 1575921663 1575921665 14
0 1 1575921672 1575921673 16
0 1 1575921688 1575921689 17
0 1 1575921689 1575921690 19
0 1 1575921693 1575921694 20
0 1 1575921698 1575921699 22
0 1 1575921710 1575921710 23
0 1 1575921710 1575921711 25
0 1 1575921713 1575921714 27
0 1 1575921716 1575921720 28
0 1 1575921725 1575921726 30
0 1 1575921728 1575921729 31
0 1 1575921733 1575921734 33
0 1 1575921737 1575921737 35
0 1 1575921739 1575921739 36
0 1 1575921743 1575921743 38
0 1 1575921744 1575921745 39
0 1 1575921750 1575921751 41
0 1 1575921762 1575921766 42
0 1 1575921774 1575921774 44
0 1 1575921782 1575921782 46
0 1 1575921790 1575921790 47
0 9 1575921649 1575921649 49
0 2 1575921655 1575921655 50
0 2 1575921697 1575921697 52
0 2 1575921707 1575921709 54
0 2 1575921712 1575921712 55
0 2 1575921727 1575921727 57
0 2 1575921735 1575921736 58
0 2 1575921741 1575921742 60
0 2 1575921761 1575921761 62
0 0 0 0 8
0 1 1575921646 1575921647 11
0 1 1575921649 1575921649 13
0 1 1575921657 1575921659 15
0 1 1575921660 1575921660 17
0 1 1575921663 1575921665 19
0 1 1575921672 1575921673 21
0 1 1575921688 1575921689 23
0 1 1575921689 1575921690 25
0 1 1575921693 1575921694 27
0 1 1575921698 1575921699 29
0 1 1575921710 1575921710 32
0 1 1575921710 1575921711 34
0 1 1575921713 1575921714 36
0 1 1575921716 1575921720 38
0 1 1575921725 1575921726 40
0 1 1575921728 1575921729 42
0 1 1575921733 1575921734 44
0 1 1575921737 1575921737 46
0 1 1575921739 1575921739 47
0 1 1575921743 1575921743 49
0 1 1575921744 1575921745 51
0 1 1575921750 1575921751 53
0 1 1575921762 1575921766 55
0 1 1575921774 1575921774 58
0 1 1575921782 1575921782 60
0 1 1575921790 1575921790 62
0 9 1575921649 1575921649 64
0 2 1575921655 1575921655 66
0 2 1575921697 1575921697 68
0 2 1575921707 1575921709 70
0 2 1575921712 1575921712 72
0 2 1575921727 1575921727 74
0 2 1575921735 1575921736 76
0 2 1575921741 1575921742 78
0 0 0 0 8
0 1 1575921646 1575921647 10
0 1 1575921649 1575921649 12
0 1 1575921657 1575921659 14
0 1 1575921660 1575921660 16
0 1 1575921663 1575921665 18
0 1 1575921672 1575921673 20
0 1 1575921688 1575921689 22
0 1 1575921689 1575921690 24
0 1 1575921693 1575921694 26
0 1 1575921698 1575921699 28
0 1 1575921710 1575921710 30
0 1 1575921710 1575921711 32
0 1 1575921713 1575921714 34
0 1 1575921716 1575921720 36
0 1 1575921725 1575921726 38
0 1 1575921728 1575921729 40
0 1 1575921733 1575921734 42
0 1 1575921737 1575921737 44
0 1 1575921739 1575921739 46
0 1 1575921743 1575921743 48
0 1 1575921744 1575921745 50
0 1 1575921750 1575921751 112
0 1 1575921762 1575921766 114
0 1 1575921774 1575921774 117
0 1 1575921782 1575921782 119
0 1 1575921790 1575921790 121
0 9 1575921649 1575921649 123
0 2 1575921655 1575921655 125
0 2 1575921697 1575921697 127
0 2 1575921707 1575921709 129
0 2 1575921712 1575921712 131
0 2 1575921727 1575921727 133
0 2 1575921735 1575921736 135
0 2 1575921741 1575921742 137
