0 0 0 0 7
0 1 1575921646 1575921647 9
0 1 1575921649 1575921649 11
0 1 1575921657 1575921659 13
0 1 1575921660 1575921660 15
0 1 1575921663 1575921665 16
0 1 1575921672 1575921673 18
0 1 1575921688 1575921689 19
0 1 1575921689 1575921690 21
0 1 1575921693 1575921694 22
0 1 1575921698 1575921699 24
0 1 1575921710 1575921710 26
0 1 1575921710 1575921711 27
0 1 1575921713 1575921714 29
0 1 1575921716 1575921720 30
0 1 1575921725 1575921726 32
0 1 1575921728 1575921729 33
0 1 1575921733 1575921734 35
0 1 1575921737 1575921737 37
0 1 1575921739 1575921739 38
0 1 1575921743 1575921743 40
0 1 1575921744 1575921745 41
0 1 1575921750 1575921751 43
0 1 1575921762 1575921766 44
0 1 1575921774 1575921774 46
0 1 1575921782 1575921782 48
0 1 1575921790 1575921790 49
0 0 0 0 6
0 1 1575921646 1575921647 8
0 1 1575921649 1575921649 10
0 1 1575921657 1575921659 11
0 1 1575921660 1575921660 13
0 1 1575921663 1575921665 14
0 1 1575921672 1575921673 16
0 1 1575921688 1575921689 17
0 1 1575921689 1575921690 19
0 1 1575921693 1575921694 20
0 1 1575921698 1575921699 22
0 1 1575921710 1575921710 24
0 1 1575921710 1575921711 26
0 1 1575921713 1575921714 27
0 1 1575921716 1575921720 29
0 1 1575921725 1575921726 31
0 1 1575921728 1575921729 33
0 1 1575921733 1575921734 34
0 1 1575921737 1575921737 36
0 1 1575921739 1575921739 38
0 1 1575921743 1575921743 40
0 1 1575921744 1575921745 41
0 1 1575921750 1575921751 43
0 1 1575921762 1575921766 45
0 1 1575921774 1575921774 46
0 1 1575921782 1575921782 48
0 1 1575921790 1575921790 50
0 9 1575921649 1575921649 52
9 0 0 0 60
0 0 0 0 6
0 1 1575921646 1575921647 7
0 1 1575921649 1575921649 9
0 1 1575921657 1575921659 10
0 1 1575921660 1575921660 11
0 1 1575921663 1575921665 13
0 1 1575921672 1575921673 14
0 1 1575921688 1575921689 16
0 1 1575921689 1575921690 18
0 1 1575921693 1575921694 20
0 1 1575921698 1575921699 22
0 1 1575921710 1575921710 24
0 1 1575921710 1575921711 26
0 1 1575921713 1575921714 28
0 1 1575921716 1575921720 30
0 1 1575921725 1575921726 32
0 1 1575921728 1575921729 34
0 1 1575921733 1575921734 36
0 1 1575921737 1575921737 38
0 1 1575921739 1575921739 40
0 1 1575921743 1575921743 42
0 1 1575921744 1575921745 44
0 1 1575921750 1575921751 46
0 1 1575921762 1575921766 48
0 1 1575921774 1575921774 50
0 1 1575921782 1575921782 52
0 1 1575921790 1575921790 54
0 9 1575921649 1575921649 56
9 0 0 0 64
0 0 0 0 10
0 1 1575921646 1575921647 13
0 1 1575921649 1575921649 15
0 1 1575921657 1575921659 17
0 1 1575921660 1575921660 18
0 1 1575921663 1575921665 20
0 1 1575921672 1575921673 21
0 1 1575921688 1575921689 22
0 1 1575921689 1575921690 24
0 1 1575921693 1575921694 25
0 1 1575921698 1575921699 25
0 1 1575921710 1575921710 26
0 1 1575921710 1575921711 27
0 1 1575921713 1575921714 28
0 1 1575921716 1575921720 29
0 1 1575921725 1575921726 30
0 1 1575921728 1575921729 31
0 1 1575921733 1575921734 31
0 1 1575921737 1575921737 32
0 1 1575921739 1575921739 33
0 1 1575921743 1575921743 34
0 1 1575921744 1575921745 35
0 1 1575921750 1575921751 36
0 1 1575921762 1575921766 38
0 1 1575921774 1575921774 39
0 1 1575921782 1575921782 40
0 1 1575921790 1575921790 41
0 9 1575921649 1575921649 42
9 0 0 0 46
0 2 1575921783 1575921785 111
9 0 0 0 121
0 2 1575921783 1575921785 86
1 3 1575921655 1575921655 92
1 3 1575921699 1575921701 94
9 0 0 0 96
0 2 1575921771 1575921772 111
0 2 1575921783 1575921785 114
0 4 1575921660 1575921660 116
0 4 1575921670 1575921671 118
0 4 1575921734 1575921734 120
1 3 1575921655 1575921655 128
1 3 1575921699 1575921701 131
0 2 1575921771 1575921772 172
0 2 1575921783 1575921785 174
0 4 1575921660 1575921660 176
0 4 1575921670 1575921671 178
0 4 1575921734 1575921734 180
1 3 1575921655 1575921655 190
1 3 1575921699 1575921701 192
1 0 1575921660 1575921661 193
1 0 1575921670 1575921670 195
1 0 1575921673 1575921676 197
1 0 1575921678 1575921679 199
1 0 1575921682 1575921683 201
1 0 1575921740 1575921741 203
1 0 1575921754 1575921756 205
1 0 1575921758 1575921759 207
1 0 1575921779 1575921779 209
1 0 1575921787 1575921788 211
1 0 1575921789 1575921789 213
1 0 1575921791 1575921792 215
1 0 1575921794 1575921795 217
0 2 1575921783 1575921785 104
0 4 1575921660 1575921660 107
0 4 1575921670 1575921671 109
0 4 1575921734 1575921734 111
1 3 1575921655 1575921655 119
1 3 1575921699 1575921701 122
1 0 1575921660 1575921661 124
1 0 1575921670 1575921670 126
1 0 1575921673 1575921676 128
1 0 1575921678 1575921679 130
1 0 1575921682 1575921683 132
1 0 1575921740 1575921741 134
1 0 1575921754 1575921756 136
1 0 1575921758 1575921759 138
1 0 1575921779 1575921779 140
1 0 1575921787 1575921788 142
1 0 1575921789 1575921789 144
1 0 1575921791 1575921792 146
1 0 1575921794 1575921795 148
0 2 1575921771 1575921772 100
0 2 1575921783 1575921785 102
0 4 1575921660 1575921660 105
0 4 1575921670 1575921671 107
0 4 1575921734 1575921734 109
1 3 1575921655 1575921655 117
1 3 1575921699 1575921701 119
1 0 1575921660 1575921661 121
1 0 1575921670 1575921670 123
1 0 1575921673 1575921676 125
1 0 1575921678 1575921679 127
1 0 1575921682 1575921683 129
1 0 1575921740 1575921741 131
1 0 1575921754 1575921756 133
1 0 1575921758 1575921759 136
1 0 1575921779 1575921779 138
1 0 1575921787 1575921788 140
1 0 1575921789 1575921789 142
1 0 1575921791 1575921792 144
1 0 1575921794 1575921795 146
0 2 1575921771 1575921772 83
0 2 1575921783 1575921785 85
0 4 1575921660 1575921660 86
0 4 1575921670 1575921671 88
0 4 1575921734 1575921734 89
1 3 1575921655 1575921655 96
1 3 1575921699 1575921701 97
1 0 1575921660 1575921661 99
1 0 1575921670 1575921670 100
1 0 1575921673 1575921676 101
1 0 1575921678 1575921679 103
1 0 1575921682 1575921683 104
1 0 1575921740 1575921741 105
1 0 1575921754 1575921756 107
1 0 1575921758 1575921759 108
1 0 1575921779 1575921779 110
1 0 1575921787 1575921788 112
1 0 1575921789 1575921789 113
1 0 1575921791 1575921792 115
1 0 1575921794 1575921795 116
0 2 1575921771 1575921772 89
0 2 1575921783 1575921785 91
0 4 1575921660 1575921660 93
0 4 1575921670 1575921671 97
0 4 1575921734 1575921734 99
1 3 1575921655 1575921655 106
1 3 1575921699 1575921701 108
1 0 1575921660 1575921661 110
1 0 1575921670 1575921670 112
1 0 1575921673 1575921676 114
1 0 1575921678 1575921679 116
1 0 1575921682 1575921683 117
1 0 1575921740 1575921741 119
1 0 1575921754 1575921756 121
1 0 1575921758 1575921759 123
1 0 1575921779 1575921779 125
1 0 1575921787 1575921788 126
1 0 1575921789 1575921789 128
1 0 1575921791 1575921792 130
1 0 1575921794 1575921795 131
3 2 1575921669 1575921670 137
0 2 1575921783 1575921785 106
0 4 1575921660 1575921660 109
0 4 1575921670 1575921671 111
0 4 1575921734 1575921734 113
1 3 1575921655 1575921655 122
1 3 1575921699 1575921701 124
1 0 1575921660 1575921661 126
1 0 1575921670 1575921670 128
1 0 1575921673 1575921676 131
1 0 1575921678 1575921679 133
1 0 1575921682 1575921683 135
1 0 1575921740 1575921741 137
1 0 1575921754 1575921756 139
1 0 1575921758 1575921759 141
1 0 1575921779 1575921779 143
1 0 1575921787 1575921788 145
1 0 1575921789 1575921789 147
1 0 1575921791 1575921792 149
1 0 1575921794 1575921795 151
3 2 1575921669 1575921670 158
0 2 1575921771 1575921772 107
0 2 1575921783 1575921785 110
0 4 1575921660 1575921660 112
0 4 1575921670 1575921671 114
0 4 1575921734 1575921734 116
0 7 1575921680 1575921680 118
1 3 1575921655 1575921655 127
1 3 1575921699 1575921701 130
1 0 1575921660 1575921661 132
1 0 1575921670 1575921670 134
1 0 1575921673 1575921676 136
1 0 1575921678 1575921679 137
1 0 1575921682 1575921683 139
1 0 1575921740 1575921741 141
1 0 1575921754 1575921756 142
1 0 1575921758 1575921759 144
1 0 1575921779 1575921779 146
1 0 1575921787 1575921788 148
1 0 1575921789 1575921789 150
1 0 1575921791 1575921792 152
1 0 1575921794 1575921795 154
3 2 1575921669 1575921670 160
0 2 1575921771 1575921772 90
0 2 1575921783 1575921785 92
0 4 1575921660 1575921660 94
0 4 1575921670 1575921671 96
0 4 1575921734 1575921734 97
0 7 1575921680 1575921680 99
1 3 1575921655 1575921655 105
1 3 1575921699 1575921701 107
1 0 1575921660 1575921661 109
1 0 1575921670 1575921670 110
1 0 1575921673 1575921676 112
1 0 1575921678 1575921679 113
1 0 1575921682 1575921683 115
1 0 1575921740 1575921741 116
1 0 1575921754 1575921756 118
1 0 1575921758 1575921759 119
1 0 1575921779 1575921779 121
1 0 1575921787 1575921788 122
1 0 1575921789 1575921789 124
1 0 1575921791 1575921792 126
1 0 1575921794 1575921795 127
3 2 1575921669 1575921670 132
3 0 1575921695 1575921696 134
0 2 1575921771 1575921772 136
0 2 1575921783 1575921785 138
0 4 1575921660 1575921660 145
0 4 1575921670 1575921671 147
0 4 1575921734 1575921734 149
0 7 1575921680 1575921680 150
1 3 1575921655 1575921655 158
1 3 1575921699 1575921701 161
1 0 1575921660 1575921661 162
1 0 1575921670 1575921670 164
1 0 1575921673 1575921676 166
1 0 1575921678 1575921679 168
1 0 1575921682 1575921683 170
1 0 1575921740 1575921741 171
1 0 1575921754 1575921756 173
1 0 1575921758 1575921759 175
1 0 1575921779 1575921779 176
1 0 1575921787 1575921788 178
1 0 1575921789 1575921789 179
1 0 1575921791 1575921792 181
1 0 1575921794 1575921795 183
3 2 1575921669 1575921670 198
3 0 1575921695 1575921696 200
3 1 1575921696 1575921697 202
3 1 1575921738 1575921739 204
0 2 1575921783 1575921785 104
0 4 1575921660 1575921660 107
0 4 1575921670 1575921671 109
0 4 1575921734 1575921734 111
0 7 1575921680 1575921680 113
0 6 1575921701 1575921703 115
0 6 1575921726 1575921726 117
0 6 1575921731 1575921732 119
1 3 1575921655 1575921655 128
1 3 1575921699 1575921701 131
1 0 1575921660 1575921661 133
1 0 1575921670 1575921670 135
1 0 1575921673 1575921676 137
1 0 1575921678 1575921679 139
1 0 1575921682 1575921683 141
1 0 1575921740 1575921741 143
1 0 1575921754 1575921756 145
1 0 1575921758 1575921759 147
1 0 1575921779 1575921779 149
1 0 1575921787 1575921788 151
1 0 1575921789 1575921789 153
1 0 1575921791 1575921792 154
1 0 1575921794 1575921795 156
3 2 1575921669 1575921670 163
3 0 1575921695 1575921696 165
3 1 1575921696 1575921697 167
3 1 1575921738 1575921739 169
0 2 1575921771 1575921772 81
0 2 1575921783 1575921785 83
0 4 1575921660 1575921660 85
0 4 1575921670 1575921671 87
0 4 1575921734 1575921734 88
0 7 1575921680 1575921680 90
0 6 1575921701 1575921703 91
0 6 1575921726 1575921726 93
0 6 1575921731 1575921732 94
1 3 1575921655 1575921655 102
1 3 1575921699 1575921701 104
1 0 1575921660 1575921661 106
1 0 1575921670 1575921670 107
1 0 1575921673 1575921676 109
1 0 1575921678 1575921679 111
1 0 1575921682 1575921683 112
1 0 1575921740 1575921741 114
1 0 1575921754 1575921756 115
1 0 1575921758 1575921759 117
1 0 1575921779 1575921779 119
1 0 1575921787 1575921788 120
1 0 1575921789 1575921789 122
1 0 1575921791 1575921792 124
1 0 1575921794 1575921795 125
3 2 1575921669 1575921670 131
3 0 1575921695 1575921696 133
3 1 1575921696 1575921697 134
3 1 1575921738 1575921739 136
0 2 1575921771 1575921772 95
0 2 1575921783 1575921785 97
0 4 1575921660 1575921660 99
0 4 1575921670 1575921671 101
0 4 1575921734 1575921734 103
0 7 1575921680 1575921680 105
0 6 1575921701 1575921703 107
0 6 1575921726 1575921726 109
0 6 1575921731 1575921732 110
1 3 1575921655 1575921655 118
1 3 1575921699 1575921701 120
1 0 1575921660 1575921661 122
1 0 1575921670 1575921670 123
1 0 1575921673 1575921676 125
1 0 1575921678 1575921679 127
1 0 1575921682 1575921683 128
1 0 1575921740 1575921741 130
1 0 1575921754 1575921756 132
1 0 1575921758 1575921759 133
1 0 1575921779 1575921779 135
1 0 1575921787 1575921788 136
1 0 1575921789 1575921789 138
1 0 1575921791 1575921792 140
1 0 1575921794 1575921795 142
3 2 1575921669 1575921670 148
3 0 1575921695 1575921696 149
3 1 1575921696 1575921697 151
3 1 1575921738 1575921739 153
0 2 1575921771 1575921772 54
0 2 1575921783 1575921785 55
0 4 1575921660 1575921660 56
0 4 1575921670 1575921671 57
0 4 1575921734 1575921734 58
0 7 1575921680 1575921680 59
0 6 1575921701 1575921703 60
0 6 1575921726 1575921726 61
0 6 1575921731 1575921732 62
1 3 1575921655 1575921655 66
1 3 1575921699 1575921701 67
1 0 1575921660 1575921661 68
1 0 1575921670 1575921670 69
1 0 1575921673 1575921676 70
1 0 1575921678 1575921679 71
1 0 1575921682 1575921683 72
1 0 1575921740 1575921741 73
1 0 1575921754 1575921756 73
1 0 1575921758 1575921759 74
1 0 1575921779 1575921779 75
1 0 1575921787 1575921788 76
1 0 1575921789 1575921789 77
1 0 1575921791 1575921792 78
1 0 1575921794 1575921795 78
1 4 1575921723 1575921725 79
3 2 1575921669 1575921670 101
3 0 1575921695 1575921696 102
3 1 1575921696 1575921697 103
3 1 1575921738 1575921739 104
0 2 1575921771 1575921772 106
0 2 1575921783 1575921785 109
0 4 1575921660 1575921660 111
0 4 1575921670 1575921671 113
0 4 1575921734 1575921734 115
0 7 1575921680 1575921680 117
0 6 1575921701 1575921703 120
0 6 1575921726 1575921726 122
0 6 1575921731 1575921732 124
0 3 1575921726 1575921726 126
0 3 1575921745 1575921745 128
1 3 1575921655 1575921655 137
1 3 1575921699 1575921701 139
1 0 1575921660 1575921661 141
1 0 1575921670 1575921670 143
1 0 1575921673 1575921676 145
1 0 1575921678 1575921679 146
1 0 1575921682 1575921683 148
1 0 1575921740 1575921741 149
1 0 1575921754 1575921756 151
1 0 1575921758 1575921759 153
1 0 1575921779 1575921779 154
1 0 1575921787 1575921788 156
1 0 1575921789 1575921789 158
1 0 1575921791 1575921792 159
1 0 1575921794 1575921795 161
1 4 1575921723 1575921725 163
0 2 1575921771 1575921772 103
0 2 1575921783 1575921785 106
0 4 1575921660 1575921660 108
0 4 1575921670 1575921671 110
0 4 1575921734 1575921734 112
0 7 1575921680 1575921680 114
0 6 1575921701 1575921703 117
0 6 1575921726 1575921726 119
0 6 1575921731 1575921732 121
0 3 1575921726 1575921726 123
0 3 1575921745 1575921745 125
1 3 1575921655 1575921655 134
1 3 1575921699 1575921701 136
1 0 1575921660 1575921661 138
1 0 1575921670 1575921670 140
1 0 1575921673 1575921676 142
1 0 1575921678 1575921679 144
1 0 1575921682 1575921683 146
1 0 1575921740 1575921741 148
1 0 1575921754 1575921756 151
1 0 1575921758 1575921759 153
1 0 1575921779 1575921779 155
1 0 1575921787 1575921788 157
1 0 1575921789 1575921789 159
1 0 1575921791 1575921792 161
1 0 1575921794 1575921795 163
1 4 1575921723 1575921725 165
9 0 0 0 126
2 1 1575921662 1575921662 130
2 1 1575921667 1575921668 133
2 1 1575921685 1575921687 135
2 1 1575921705 1575921706 137
2 1 1575921779 1575921782 139
2 3 1575921663 1575921663 140
4 0 1575921677 1575921678 137
9 2 1575921666 1575921667 140
9 0 0 0 142
4 0 1575921677 1575921678 139
4 0 1575921677 1575921678 114
9 2 1575921666 1575921667 117
9 0 0 0 119
4 0 1575921677 1575921678 124
4 0 1575921677 1575921678 87
3 2 1575921669 1575921670 146
3 0 1575921695 1575921696 148
3 1 1575921696 1575921697 150
3 1 1575921738 1575921739 152
4 0 1575921677 1575921678 153
9 2 1575921666 1575921667 155
9 0 0 0 157
2 1 1575921662 1575921662 122
2 1 1575921667 1575921668 126
2 1 1575921685 1575921687 128
2 1 1575921705 1575921706 130
2 1 1575921779 1575921782 132
2 1 1575921662 1575921662 126
2 1 1575921667 1575921668 133
2 1 1575921685 1575921687 135
2 1 1575921705 1575921706 137
2 1 1575921779 1575921782 139
2 3 1575921663 1575921663 141
9 2 1575921666 1575921667 106
9 0 0 0 109
4 0 1575921677 1575921678 138
9 2 1575921666 1575921667 141
9 0 0 0 142
4 0 1575921677 1575921678 176
2 1 1575921662 1575921662 131
2 1 1575921667 1575921668 134
2 1 1575921685 1575921687 136
2 1 1575921705 1575921706 138
2 1 1575921779 1575921782 140
2 3 1575921663 1575921663 141
2 1 1575921662 1575921662 104
2 1 1575921667 1575921668 107
2 1 1575921685 1575921687 110
2 1 1575921705 1575921706 112
2 1 1575921779 1575921782 114
2 3 1575921663 1575921663 115
2 1 1575921662 1575921662 141
2 1 1575921667 1575921668 144
2 1 1575921685 1575921687 146
2 1 1575921705 1575921706 148
2 1 1575921779 1575921782 150
2 3 1575921663 1575921663 152
2 0 1575921705 1575921705 154
2 1 1575921662 1575921662 138
2 1 1575921667 1575921668 142
2 1 1575921685 1575921687 144
2 1 1575921705 1575921706 146
2 1 1575921779 1575921782 147
2 3 1575921663 1575921663 149
2 0 1575921705 1575921705 150
2 1 1575921662 1575921662 103
2 1 1575921667 1575921668 107
2 1 1575921685 1575921687 109
2 1 1575921705 1575921706 111
2 1 1575921779 1575921782 113
2 3 1575921663 1575921663 115
4 0 1575921677 1575921678 117
9 2 1575921666 1575921667 121
9 0 0 0 123
2 1 1575921662 1575921662 164
2 1 1575921667 1575921668 167
2 1 1575921685 1575921687 169
2 1 1575921705 1575921706 171
2 1 1575921779 1575921782 172
2 3 1575921663 1575921663 174
2 1 1575921662 1575921662 70
2 1 1575921667 1575921668 73
2 1 1575921685 1575921687 75
2 1 1575921705 1575921706 77
2 1 1575921779 1575921782 79
2 3 1575921663 1575921663 82
2 0 1575921705 1575921705 84
9 2 1575921666 1575921667 145
9 0 0 0 148
9 0 0 0 132
9 0 0 0 129
2 1 1575921662 1575921662 110
2 1 1575921667 1575921668 113
2 1 1575921685 1575921687 115
2 1 1575921705 1575921706 117
2 1 1575921779 1575921782 119
2 3 1575921663 1575921663 121
2 1 1575921662 1575921662 131
2 1 1575921667 1575921668 139
2 1 1575921685 1575921687 141
2 1 1575921705 1575921706 143
2 1 1575921779 1575921782 145
2 3 1575921663 1575921663 147
9 2 1575921666 1575921667 143
9 0 0 0 145
9 2 1575921666 1575921667 92
9 0 0 0 96
3 2 1575921669 1575921670 141
3 0 1575921695 1575921696 143
3 1 1575921696 1575921697 144
3 1 1575921738 1575921739 146
9 0 0 0 193
2 1 1575921662 1575921662 114
2 1 1575921667 1575921668 117
2 1 1575921685 1575921687 119
2 1 1575921705 1575921706 121
2 1 1575921779 1575921782 123
2 3 1575921663 1575921663 125
2 1 1575921662 1575921662 122
2 1 1575921667 1575921668 125
2 1 1575921685 1575921687 127
2 1 1575921705 1575921706 128
2 1 1575921779 1575921782 130
2 3 1575921663 1575921663 132
2 0 1575921705 1575921705 134
4 0 1575921677 1575921678 141
6 0 1575921736 1575921736 144
9 2 1575921666 1575921667 111
9 0 0 0 113
9 2 1575921666 1575921667 184
9 0 0 0 191
9 2 1575921666 1575921667 126
9 0 0 0 129
0 0 0 0 7
0 1 1575921646 1575921647 8
0 1 1575921649 1575921649 9
0 1 1575921657 1575921659 10
0 1 1575921660 1575921660 12
0 1 1575921663 1575921665 14
0 1 1575921672 1575921673 15
0 1 1575921688 1575921689 17
0 1 1575921689 1575921690 18
0 1 1575921693 1575921694 20
0 1 1575921698 1575921699 22
0 1 1575921710 1575921710 24
0 1 1575921710 1575921711 26
0 1 1575921713 1575921714 28
0 1 1575921716 1575921720 30
0 1 1575921725 1575921726 31
0 1 1575921728 1575921729 33
0 1 1575921733 1575921734 35
0 1 1575921737 1575921737 37
0 1 1575921739 1575921739 39
0 1 1575921743 1575921743 41
0 1 1575921744 1575921745 43
0 1 1575921750 1575921751 45
0 1 1575921762 1575921766 47
0 1 1575921774 1575921774 49
0 1 1575921782 1575921782 51
0 1 1575921790 1575921790 53
0 9 1575921649 1575921649 55
0 2 1575921655 1575921655 57
0 2 1575921697 1575921697 60
0 2 1575921707 1575921709 62
0 2 1575921712 1575921712 64
0 2 1575921727 1575921727 66
0 2 1575921735 1575921736 68
0 2 1575921741 1575921742 70
0 2 1575921761 1575921761 72
0 0 0 0 6
0 1 1575921646 1575921647 7
0 1 1575921649 1575921649 9
0 1 1575921657 1575921659 11
0 1 1575921660 1575921660 12
0 1 1575921663 1575921665 14
0 1 1575921672 1575921673 16
0 1 1575921688 1575921689 17
0 1 1575921689 1575921690 19
0 1 1575921693 1575921694 20
0 1 1575921698 1575921699 22
0 1 1575921710 1575921710 23
0 1 1575921710 1575921711 25
0 1 1575921713 1575921714 27
0 1 1575921716 1575921720 28
0 1 1575921725 1575921726 30
0 1 1575921728 1575921729 31
0 1 1575921733 1575921734 33
0 1 1575921737 1575921737 35
0 1 1575921739 1575921739 36
0 1 1575921743 1575921743 38
0 1 1575921744 1575921745 39
0 1 1575921750 1575921751 41
0 1 1575921762 1575921766 42
0 1 1575921774 1575921774 44
0 1 1575921782 1575921782 46
0 1 1575921790 1575921790 47
0 9 1575921649 1575921649 49
0 2 1575921655 1575921655 50
0 2 1575921697 1575921697 52
0 2 1575921707 1575921709 54
0 2 1575921712 1575921712 55
0 2 1575921727 1575921727 57
0 2 1575921735 1575921736 58
0 2 1575921741 1575921742 60
0 2 1575921761 1575921761 62
0 0 0 0 8
0 1 1575921646 1575921647 11
0 1 1575921649 1575921649 13
0 1 1575921657 1575921659 15
0 1 1575921660 1575921660 17
0 1 1575921663 1575921665 19
0 1 1575921672 1575921673 21
0 1 1575921688 1575921689 23
0 1 1575921689 1575921690 25
0 1 1575921693 1575921694 27
0 1 1575921698 1575921699 29
0 1 1575921710 1575921710 32
0 1 1575921710 1575921711 34
0 1 1575921713 1575921714 36
0 1 1575921716 1575921720 38
0 1 1575921725 1575921726 40
0 1 1575921728 1575921729 42
0 1 1575921733 1575921734 44
0 1 1575921737 1575921737 46
0 1 1575921739 1575921739 47
0 1 1575921743 1575921743 49
0 1 1575921744 1575921745 51
0 1 1575921750 1575921751 53
0 1 1575921762 1575921766 55
0 1 1575921774 1575921774 58
0 1 1575921782 1575921782 60
0 1 1575921790 1575921790 62
0 9 1575921649 1575921649 64
0 2 1575921655 1575921655 66
0 2 1575921697 1575921697 68
0 2 1575921707 1575921709 70
0 2 1575921712 1575921712 72
0 2 1575921727 1575921727 74
0 2 1575921735 1575921736 76
0 2 1575921741 1575921742 78
0 0 0 0 8
0 1 1575921646 1575921647 10
0 1 1575921649 1575921649 12
0 1 1575921657 1575921659 14
0 1 1575921660 1575921660 16
0 1 1575921663 1575921665 18
0 1 1575921672 1575921673 20
0 1 1575921688 1575921689 22
0 1 1575921689 1575921690 24
0 1 1575921693 1575921694 26
0 1 1575921698 1575921699 28
0 1 1575921710 1575921710 30
0 1 1575921710 1575921711 32
0 1 1575921713 1575921714 34
0 1 1575921716 1575921720 36
0 1 1575921725 1575921726 38
0 1 1575921728 1575921729 40
0 1 1575921733 1575921734 42
0 1 1575921737 1575921737 44
0 1 1575921739 1575921739 46
0 1 1575921743 1575921743 48
0 1 1575921744 1575921745 50
0 1 1575921750 1575921751 112
0 1 1575921762 1575921766 114
0 1 1575921774 1575921774 117
0 1 1575921782 1575921782 119
0 1 1575921790 1575921790 121
0 9 1575921649 1575921649 123
0 2 1575921655 1575921655 125
0 2 1575921697 1575921697 127
0 2 1575921707 1575921709 129
0 2 1575921712 1575921712 131
0 2 1575921727 1575921727 133
0 2 1575921735 1575921736 135
0 2 1575921741 1575921742 137
0 0 0 0 6
0 1 1575921646 1575921647 7
0 1 1575921649 1575921649 8
0 1 1575921657 1575921659 9
0 1 1575921660 1575921660 10
0 1 1575921663 1575921665 11
0 1 1575921672 1575921673 13
0 1 1575921688 1575921689 14
0 1 1575921689 1575921690 16
0 1 1575921693 1575921694 17
0 1 1575921698 1575921699 19
0 1 1575921710 1575921710 21
0 1 1575921710 1575921711 23
0 1 1575921713 1575921714 25
0 1 1575921716 1575921720 27
0 1 1575921725 1575921726 29
0 1 1575921728 1575921729 31
0 1 1575921733 1575921734 33
0 1 1575921737 1575921737 35
0 1 1575921739 1575921739 37
0 1 1575921743 1575921743 39
0 1 1575921744 1575921745 41
0 1 1575921750 1575921751 43
0 1 1575921762 1575921766 45
0 1 1575921774 1575921774 47
0 1 1575921782 1575921782 49
0 1 1575921790 1575921790 51
0 9 1575921649 1575921649 52
0 2 1575921655 1575921655 55
0 2 1575921697 1575921697 57
0 2 1575921707 1575921709 59
0 2 1575921712 1575921712 61
0 2 1575921727 1575921727 63
0 2 1575921735 1575921736 65
0 2 1575921741 1575921742 67
0 2 1575921761 1575921761 68
0 0 0 0 8
0 1 1575921646 1575921647 10
0 1 1575921649 1575921649 13
0 1 1575921657 1575921659 15
0 1 1575921660 1575921660 16
0 1 1575921663 1575921665 18
0 1 1575921672 1575921673 20
0 1 1575921688 1575921689 22
0 1 1575921689 1575921690 24
0 1 1575921693 1575921694 26
0 1 1575921698 1575921699 28
0 1 1575921710 1575921710 30
0 1 1575921710 1575921711 32
0 1 1575921713 1575921714 34
0 1 1575921716 1575921720 36
0 1 1575921725 1575921726 38
0 1 1575921728 1575921729 40
0 1 1575921733 1575921734 42
0 1 1575921737 1575921737 44
0 1 1575921739 1575921739 46
0 1 1575921743 1575921743 48
0 1 1575921744 1575921745 50
0 1 1575921750 1575921751 52
0 1 1575921762 1575921766 54
0 1 1575921774 1575921774 56
0 1 1575921782 1575921782 58
0 1 1575921790 1575921790 60
0 9 1575921649 1575921649 62
0 2 1575921655 1575921655 64
0 2 1575921697 1575921697 66
0 2 1575921707 1575921709 68
0 2 1575921712 1575921712 70
0 2 1575921727 1575921727 72
0 2 1575921735 1575921736 74
0 2 1575921741 1575921742 76
0 0 0 0 7
0 1 1575921646 1575921647 9
0 1 1575921649 1575921649 11
0 1 1575921657 1575921659 13
0 1 1575921660 1575921660 15
0 1 1575921663 1575921665 16
0 1 1575921672 1575921673 18
0 1 1575921688 1575921689 19
0 1 1575921689 1575921690 21
0 1 1575921693 1575921694 23
0 1 1575921698 1575921699 24
0 1 1575921710 1575921710 26
0 1 1575921710 1575921711 27
0 1 1575921713 1575921714 29
0 1 1575921716 1575921720 30
0 1 1575921725 1575921726 32
0 1 1575921728 1575921729 34
0 1 1575921733 1575921734 35
0 1 1575921737 1575921737 37
0 1 1575921739 1575921739 38
0 1 1575921743 1575921743 40
0 1 1575921744 1575921745 42
0 1 1575921750 1575921751 43
0 1 1575921762 1575921766 45
0 1 1575921774 1575921774 46
0 1 1575921782 1575921782 48
0 1 1575921790 1575921790 50
0 9 1575921649 1575921649 51
0 2 1575921655 1575921655 53
0 2 1575921697 1575921697 55
0 2 1575921707 1575921709 56
0 2 1575921712 1575921712 58
0 2 1575921727 1575921727 59
0 2 1575921735 1575921736 60
0 2 1575921741 1575921742 61
0 0 0 0 7
0 1 1575921646 1575921647 9
0 1 1575921649 1575921649 11
0 1 1575921657 1575921659 13
0 1 1575921660 1575921660 15
0 1 1575921663 1575921665 16
0 1 1575921672 1575921673 18
0 1 1575921688 1575921689 20
0 1 1575921689 1575921690 22
0 1 1575921693 1575921694 23
0 1 1575921698 1575921699 25
0 1 1575921710 1575921710 27
0 1 1575921710 1575921711 29
0 1 1575921713 1575921714 30
0 1 1575921716 1575921720 32
0 1 1575921725 1575921726 34
0 1 1575921728 1575921729 35
0 1 1575921733 1575921734 37
0 1 1575921737 1575921737 39
0 1 1575921739 1575921739 41
0 1 1575921743 1575921743 42
0 1 1575921744 1575921745 44
0 1 1575921750 1575921751 46
0 1 1575921762 1575921766 48
0 1 1575921774 1575921774 49
0 1 1575921782 1575921782 51
0 1 1575921790 1575921790 53
0 9 1575921649 1575921649 55
0 2 1575921655 1575921655 56
0 2 1575921697 1575921697 58
0 2 1575921707 1575921709 60
0 2 1575921712 1575921712 62
0 2 1575921727 1575921727 64
0 2 1575921735 1575921736 65
0 2 1575921741 1575921742 67
0 0 0 0 7
0 1 1575921646 1575921647 8
0 1 1575921649 1575921649 9
0 1 1575921657 1575921659 10
0 1 1575921660 1575921660 11
0 1 1575921663 1575921665 13
0 1 1575921672 1575921673 15
0 1 1575921688 1575921689 17
0 1 1575921689 1575921690 19
0 1 1575921693 1575921694 21
0 1 1575921698 1575921699 23
0 1 1575921710 1575921710 24
0 1 1575921710 1575921711 26
0 1 1575921713 1575921714 28
0 1 1575921716 1575921720 30
0 1 1575921725 1575921726 32
0 1 1575921728 1575921729 34
0 1 1575921733 1575921734 36
0 1 1575921737 1575921737 38
0 1 1575921739 1575921739 40
0 1 1575921743 1575921743 42
0 1 1575921744 1575921745 44
0 1 1575921750 1575921751 46
0 1 1575921762 1575921766 48
0 1 1575921774 1575921774 50
0 1 1575921782 1575921782 52
0 1 1575921790 1575921790 54
0 9 1575921649 1575921649 56
0 2 1575921655 1575921655 59
0 2 1575921697 1575921697 61
0 2 1575921707 1575921709 63
0 2 1575921712 1575921712 65
0 2 1575921727 1575921727 67
0 2 1575921735 1575921736 69
0 2 1575921741 1575921742 71
0 2 1575921761 1575921761 73
0 0 0 0 8
0 1 1575921646 1575921647 10
0 1 1575921649 1575921649 13
0 1 1575921657 1575921659 15
0 1 1575921660 1575921660 16
0 1 1575921663 1575921665 18
0 1 1575921672 1575921673 20
0 1 1575921688 1575921689 22
0 1 1575921689 1575921690 24
0 1 1575921693 1575921694 26
0 1 1575921698 1575921699 28
0 1 1575921710 1575921710 30
0 1 1575921710 1575921711 32
0 1 1575921713 1575921714 34
0 1 1575921716 1575921720 36
0 1 1575921725 1575921726 38
0 1 1575921728 1575921729 40
0 1 1575921733 1575921734 42
0 1 1575921737 1575921737 44
0 1 1575921739 1575921739 46
0 1 1575921743 1575921743 48
0 1 1575921744 1575921745 50
0 1 1575921750 1575921751 52
0 1 1575921762 1575921766 54
0 1 1575921774 1575921774 56
0 1 1575921782 1575921782 58
0 1 1575921790 1575921790 60
0 9 1575921649 1575921649 62
0 2 1575921655 1575921655 64
0 2 1575921697 1575921697 67
0 2 1575921707 1575921709 69
0 2 1575921712 1575921712 71
0 2 1575921727 1575921727 73
0 2 1575921735 1575921736 75
0 2 1575921741 1575921742 77
0 0 0 0 9
0 1 1575921646 1575921647 11
0 1 1575921649 1575921649 13
0 1 1575921657 1575921659 15
0 1 1575921660 1575921660 16
0 1 1575921663 1575921665 18
0 1 1575921672 1575921673 19
0 1 1575921688 1575921689 21
0 1 1575921689 1575921690 23
0 1 1575921693 1575921694 24
0 1 1575921698 1575921699 26
0 1 1575921710 1575921710 27
0 1 1575921710 1575921711 29
0 1 1575921713 1575921714 30
0 1 1575921716 1575921720 32
0 1 1575921725 1575921726 34
0 1 1575921728 1575921729 35
0 1 1575921733 1575921734 37
0 1 1575921737 1575921737 38
0 1 1575921739 1575921739 40
0 1 1575921743 1575921743 42
0 1 1575921744 1575921745 43
0 1 1575921750 1575921751 45
0 1 1575921762 1575921766 46
0 1 1575921774 1575921774 48
0 1 1575921782 1575921782 49
0 1 1575921790 1575921790 51
0 9 1575921649 1575921649 53
0 2 1575921655 1575921655 54
0 2 1575921697 1575921697 56
0 2 1575921707 1575921709 58
0 2 1575921712 1575921712 59
0 2 1575921727 1575921727 61
0 2 1575921735 1575921736 62
0 2 1575921741 1575921742 64
0 0 0 0 7
0 1 1575921646 1575921647 8
0 1 1575921649 1575921649 10
0 1 1575921657 1575921659 12
0 1 1575921660 1575921660 13
0 1 1575921663 1575921665 15
0 1 1575921672 1575921673 17
0 1 1575921688 1575921689 18
0 1 1575921689 1575921690 20
0 1 1575921693 1575921694 22
0 1 1575921698 1575921699 23
0 1 1575921710 1575921710 25
0 1 1575921710 1575921711 27
0 1 1575921713 1575921714 29
0 1 1575921716 1575921720 30
0 1 1575921725 1575921726 32
0 1 1575921728 1575921729 34
0 1 1575921733 1575921734 36
0 1 1575921737 1575921737 37
0 1 1575921739 1575921739 39
0 1 1575921743 1575921743 41
0 1 1575921744 1575921745 43
0 1 1575921750 1575921751 44
0 1 1575921762 1575921766 49
0 1 1575921774 1575921774 56
0 1 1575921782 1575921782 57
0 1 1575921790 1575921790 59
0 9 1575921649 1575921649 65
0 2 1575921655 1575921655 71
0 2 1575921697 1575921697 73
0 2 1575921707 1575921709 75
0 2 1575921712 1575921712 76
0 2 1575921727 1575921727 78
0 2 1575921735 1575921736 83
0 2 1575921741 1575921742 85
0 0 0 0 6
0 1 1575921646 1575921647 7
0 1 1575921649 1575921649 9
0 1 1575921657 1575921659 11
0 1 1575921660 1575921660 12
0 1 1575921663 1575921665 14
0 1 1575921672 1575921673 16
0 1 1575921688 1575921689 18
0 1 1575921689 1575921690 20
0 1 1575921693 1575921694 22
0 1 1575921698 1575921699 24
0 1 1575921710 1575921710 26
0 1 1575921710 1575921711 27
0 1 1575921713 1575921714 29
0 1 1575921716 1575921720 31
0 1 1575921725 1575921726 33
0 1 1575921728 1575921729 35
0 1 1575921733 1575921734 37
0 1 1575921737 1575921737 39
0 1 1575921739 1575921739 41
0 1 1575921743 1575921743 43
0 1 1575921744 1575921745 45
0 1 1575921750 1575921751 47
0 1 1575921762 1575921766 49
0 1 1575921774 1575921774 51
0 1 1575921782 1575921782 53
0 1 1575921790 1575921790 55
0 9 1575921649 1575921649 57
0 2 1575921655 1575921655 59
0 2 1575921697 1575921697 62
0 2 1575921707 1575921709 64
0 2 1575921712 1575921712 66
0 2 1575921727 1575921727 68
0 2 1575921735 1575921736 69
0 2 1575921741 1575921742 72
0 2 1575921761 1575921761 74
0 0 0 0 6
0 1 1575921646 1575921647 9
0 1 1575921649 1575921649 10
0 1 1575921657 1575921659 12
0 1 1575921660 1575921660 13
0 1 1575921663 1575921665 15
0 1 1575921672 1575921673 16
0 1 1575921688 1575921689 17
0 1 1575921689 1575921690 19
0 1 1575921693 1575921694 20
0 1 1575921698 1575921699 22
0 1 1575921710 1575921710 23
0 1 1575921710 1575921711 25
0 1 1575921713 1575921714 26
0 1 1575921716 1575921720 28
0 1 1575921725 1575921726 29
0 1 1575921728 1575921729 31
0 1 1575921733 1575921734 32
0 1 1575921737 1575921737 34
0 1 1575921739 1575921739 35
0 1 1575921743 1575921743 37
0 1 1575921744 1575921745 38
0 1 1575921750 1575921751 40
0 1 1575921762 1575921766 41
0 1 1575921774 1575921774 42
0 1 1575921782 1575921782 44
0 1 1575921790 1575921790 45
0 9 1575921649 1575921649 47
0 2 1575921655 1575921655 48
0 2 1575921697 1575921697 50
0 2 1575921707 1575921709 51
0 2 1575921712 1575921712 53
0 2 1575921727 1575921727 54
0 2 1575921735 1575921736 56
0 2 1575921741 1575921742 57
0 0 0 0 8
0 1 1575921646 1575921647 10
0 1 1575921649 1575921649 12
0 1 1575921657 1575921659 14
0 1 1575921660 1575921660 15
0 1 1575921663 1575921665 17
0 1 1575921672 1575921673 19
0 1 1575921688 1575921689 21
0 1 1575921689 1575921690 23
0 1 1575921693 1575921694 24
0 1 1575921698 1575921699 26
0 1 1575921710 1575921710 28
0 1 1575921710 1575921711 30
0 1 1575921713 1575921714 31
0 1 1575921716 1575921720 33
0 1 1575921725 1575921726 35
0 1 1575921728 1575921729 37
0 1 1575921733 1575921734 38
0 1 1575921737 1575921737 40
0 1 1575921739 1575921739 42
0 1 1575921743 1575921743 44
0 1 1575921744 1575921745 45
0 1 1575921750 1575921751 47
0 1 1575921762 1575921766 49
0 1 1575921774 1575921774 51
0 1 1575921782 1575921782 52
0 1 1575921790 1575921790 54
0 9 1575921649 1575921649 56
0 2 1575921655 1575921655 58
0 2 1575921697 1575921697 60
0 2 1575921707 1575921709 62
0 2 1575921712 1575921712 63
0 2 1575921727 1575921727 65
0 2 1575921735 1575921736 67
0 2 1575921741 1575921742 69
0 0 0 0 7
0 1 1575921646 1575921647 8
0 1 1575921649 1575921649 10
0 1 1575921657 1575921659 11
0 1 1575921660 1575921660 11
0 1 1575921663 1575921665 12
0 1 1575921672 1575921673 13
0 1 1575921688 1575921689 14
0 1 1575921689 1575921690 15
0 1 1575921693 1575921694 16
0 1 1575921698 1575921699 16
0 1 1575921710 1575921710 17
0 1 1575921710 1575921711 18
0 1 1575921713 1575921714 19
0 1 1575921716 1575921720 20
0 1 1575921725 1575921726 21
0 1 1575921728 1575921729 21
0 1 1575921733 1575921734 22
0 1 1575921737 1575921737 23
0 1 1575921739 1575921739 24
0 1 1575921743 1575921743 25
0 1 1575921744 1575921745 26
0 1 1575921750 1575921751 26
0 1 1575921762 1575921766 27
0 1 1575921774 1575921774 28
0 1 1575921782 1575921782 29
0 1 1575921790 1575921790 30
0 9 1575921649 1575921649 31
0 2 1575921655 1575921655 31
0 2 1575921697 1575921697 32
0 2 1575921707 1575921709 33
0 2 1575921712 1575921712 34
0 2 1575921727 1575921727 35
0 2 1575921735 1575921736 36
0 2 1575921741 1575921742 36
0 0 0 0 6
0 1 1575921646 1575921647 8
0 1 1575921649 1575921649 11
0 1 1575921657 1575921659 12
0 1 1575921660 1575921660 14
0 1 1575921663 1575921665 16
0 1 1575921672 1575921673 18
0 1 1575921688 1575921689 20
0 1 1575921689 1575921690 22
0 1 1575921693 1575921694 24
0 1 1575921698 1575921699 26
0 1 1575921710 1575921710 28
0 1 1575921710 1575921711 30
0 1 1575921713 1575921714 32
0 1 1575921716 1575921720 34
0 1 1575921725 1575921726 36
0 1 1575921728 1575921729 38
0 1 1575921733 1575921734 40
0 1 1575921737 1575921737 42
0 1 1575921739 1575921739 44
0 1 1575921743 1575921743 46
0 1 1575921744 1575921745 47
0 1 1575921750 1575921751 49
0 1 1575921762 1575921766 51
0 1 1575921774 1575921774 53
0 1 1575921782 1575921782 55
0 1 1575921790 1575921790 57
0 9 1575921649 1575921649 59
0 2 1575921655 1575921655 61
0 2 1575921697 1575921697 64
0 2 1575921707 1575921709 66
0 2 1575921712 1575921712 67
0 2 1575921727 1575921727 69
0 2 1575921735 1575921736 71
0 2 1575921741 1575921742 73
0 0 0 0 7
0 1 1575921646 1575921647 9
0 1 1575921649 1575921649 12
0 1 1575921657 1575921659 14
0 1 1575921660 1575921660 16
0 1 1575921663 1575921665 18
0 1 1575921672 1575921673 20
0 1 1575921688 1575921689 22
0 1 1575921689 1575921690 24
0 1 1575921693 1575921694 26
0 1 1575921698 1575921699 28
0 1 1575921710 1575921710 30
0 1 1575921710 1575921711 32
0 1 1575921713 1575921714 34
0 1 1575921716 1575921720 36
0 1 1575921725 1575921726 38
0 1 1575921728 1575921729 40
0 1 1575921733 1575921734 42
0 1 1575921737 1575921737 44
0 1 1575921739 1575921739 46
0 1 1575921743 1575921743 48
0 1 1575921744 1575921745 50
0 1 1575921750 1575921751 52
0 1 1575921762 1575921766 54
0 1 1575921774 1575921774 56
0 1 1575921782 1575921782 58
0 1 1575921790 1575921790 60
0 9 1575921649 1575921649 62
0 2 1575921655 1575921655 64
0 2 1575921697 1575921697 66
0 2 1575921707 1575921709 68
0 2 1575921712 1575921712 70
0 2 1575921727 1575921727 72
0 2 1575921735 1575921736 74
0 2 1575921741 1575921742 76
