0 0 0 0 8
0 1 1575921646 1575921647 10
0 1 1575921649 1575921649 12
0 1 1575921657 1575921659 14
0 1 1575921660 1575921660 15
0 1 1575921663 1575921665 17
0 1 1575921672 1575921673 18
0 1 1575921688 1575921689 20
0 1 1575921689 1575921690 22
0 1 1575921693 1575921694 23
0 1 1575921698 1575921699 25
0 1 1575921710 1575921710 26
0 1 1575921710 1575921711 28
0 1 1575921713 1575921714 29
0 1 1575921716 1575921720 31
0 1 1575921725 1575921726 33
0 1 1575921728 1575921729 34
0 1 1575921733 1575921734 36
0 1 1575921737 1575921737 37
0 1 1575921739 1575921739 39
0 1 1575921743 1575921743 40
0 1 1575921744 1575921745 42
0 1 1575921750 1575921751 43
0 1 1575921762 1575921766 45
0 1 1575921774 1575921774 47
0 1 1575921782 1575921782 48
0 1 1575921790 1575921790 50
0 0 0 0 6
0 1 1575921646 1575921647 8
0 1 1575921649 1575921649 9
0 1 1575921657 1575921659 11
0 1 1575921660 1575921660 12
0 1 1575921663 1575921665 14
0 1 1575921672 1575921673 15
0 1 1575921688 1575921689 17
0 1 1575921689 1575921690 18
0 1 1575921693 1575921694 20
0 1 1575921698 1575921699 22
0 1 1575921710 1575921710 23
0 1 1575921710 1575921711 25
0 1 1575921713 1575921714 27
0 1 1575921716 1575921720 29
0 1 1575921725 1575921726 31
0 1 1575921728 1575921729 32
0 1 1575921733 1575921734 34
0 1 1575921737 1575921737 36
0 1 1575921739 1575921739 37
0 1 1575921743 1575921743 39
0 1 1575921744 1575921745 41
0 1 1575921750 1575921751 43
0 1 1575921762 1575921766 44
0 1 1575921774 1575921774 46
0 1 1575921782 1575921782 48
0 1 1575921790 1575921790 50
0 9 1575921649 1575921649 51
9 0 0 0 59
0 0 0 0 7
0 1 1575921646 1575921647 8
0 1 1575921649 1575921649 9
0 1 1575921657 1575921659 10
0 1 1575921660 1575921660 12
0 1 1575921663 1575921665 13
0 1 1575921672 1575921673 15
0 1 1575921688 1575921689 16
0 1 1575921689 1575921690 18
0 1 1575921693 1575921694 20
0 1 1575921698 1575921699 22
0 1 1575921710 1575921710 24
0 1 1575921710 1575921711 26
0 1 1575921713 1575921714 28
0 1 1575921716 1575921720 30
0 1 1575921725 1575921726 32
0 1 1575921728 1575921729 34
0 1 1575921733 1575921734 36
0 1 1575921737 1575921737 38
0 1 1575921739 1575921739 40
0 1 1575921743 1575921743 42
0 1 1575921744 1575921745 44
0 1 1575921750 1575921751 46
0 1 1575921762 1575921766 48
0 1 1575921774 1575921774 49
0 1 1575921782 1575921782 51
0 1 1575921790 1575921790 53
0 9 1575921649 1575921649 55
9 0 0 0 64
0 0 0 0 9
0 1 1575921646 1575921647 12
0 1 1575921649 1575921649 14
0 1 1575921657 1575921659 16
0 1 1575921660 1575921660 18
0 1 1575921663 1575921665 20
0 1 1575921672 1575921673 22
0 1 1575921688 1575921689 24
0 1 1575921689 1575921690 26
0 1 1575921693 1575921694 28
0 1 1575921698 1575921699 30
0 1 1575921710 1575921710 32
0 1 1575921710 1575921711 34
0 1 1575921713 1575921714 36
0 1 1575921716 1575921720 38
0 1 1575921725 1575921726 40
0 1 1575921728 1575921729 42
0 1 1575921733 1575921734 44
0 1 1575921737 1575921737 46
0 1 1575921739 1575921739 48
0 1 1575921743 1575921743 50
0 1 1575921744 1575921745 52
0 1 1575921750 1575921751 54
0 1 1575921762 1575921766 56
0 1 1575921774 1575921774 57
0 1 1575921782 1575921782 59
0 1 1575921790 1575921790 61
0 9 1575921649 1575921649 63
9 0 0 0 73
0 2 1575921771 1575921772 115
0 2 1575921783 1575921785 118
9 0 0 0 128
0 2 1575921771 1575921772 86
0 2 1575921783 1575921785 88
1 3 1575921655 1575921655 94
1 3 1575921699 1575921701 96
9 0 0 0 98
0 2 1575921771 1575921772 156
0 2 1575921783 1575921785 159
0 4 1575921660 1575921660 161
0 4 1575921670 1575921671 163
0 4 1575921734 1575921734 165
1 3 1575921655 1575921655 174
1 3 1575921699 1575921701 176
0 2 1575921771 1575921772 106
0 2 1575921783 1575921785 109
0 4 1575921660 1575921660 111
0 4 1575921670 1575921671 113
0 4 1575921734 1575921734 115
1 3 1575921655 1575921655 123
1 3 1575921699 1575921701 126
1 0 1575921660 1575921661 128
1 0 1575921670 1575921670 130
1 0 1575921673 1575921676 132
1 0 1575921678 1575921679 134
1 0 1575921682 1575921683 136
1 0 1575921740 1575921741 138
1 0 1575921754 1575921756 140
1 0 1575921758 1575921759 142
1 0 1575921779 1575921779 144
1 0 1575921787 1575921788 146
1 0 1575921789 1575921789 148
1 0 1575921791 1575921792 150
1 0 1575921794 1575921795 152
9 0 0 0 176
9 0 0 0 128
0 0 0 0 9
0 1 1575921646 1575921647 11
0 1 1575921649 1575921649 14
0 1 1575921657 1575921659 16
0 1 1575921660 1575921660 18
0 1 1575921663 1575921665 20
0 1 1575921672 1575921673 22
0 1 1575921688 1575921689 24
0 1 1575921689 1575921690 26
0 1 1575921693 1575921694 28
0 1 1575921698 1575921699 30
0 1 1575921710 1575921710 32
0 1 1575921710 1575921711 34
0 1 1575921713 1575921714 36
0 1 1575921716 1575921720 38
0 1 1575921725 1575921726 39
0 1 1575921728 1575921729 42
0 1 1575921733 1575921734 44
0 1 1575921737 1575921737 46
0 1 1575921739 1575921739 48
0 1 1575921743 1575921743 50
0 1 1575921744 1575921745 52
0 1 1575921750 1575921751 54
0 1 1575921762 1575921766 56
0 1 1575921774 1575921774 58
0 1 1575921782 1575921782 60
0 1 1575921790 1575921790 62
0 9 1575921649 1575921649 64
0 2 1575921655 1575921655 66
0 2 1575921697 1575921697 68
0 2 1575921707 1575921709 70
0 2 1575921712 1575921712 72
0 2 1575921727 1575921727 74
0 2 1575921735 1575921736 76
0 2 1575921741 1575921742 78
0 0 0 0 6
0 1 1575921646 1575921647 8
0 1 1575921649 1575921649 10
0 1 1575921657 1575921659 11
0 1 1575921660 1575921660 13
0 1 1575921663 1575921665 15
0 1 1575921672 1575921673 16
0 1 1575921688 1575921689 18
0 1 1575921689 1575921690 19
0 1 1575921693 1575921694 21
0 1 1575921698 1575921699 22
0 1 1575921710 1575921710 24
0 1 1575921710 1575921711 26
0 1 1575921713 1575921714 27
0 1 1575921716 1575921720 29
0 1 1575921725 1575921726 30
0 1 1575921728 1575921729 32
0 1 1575921733 1575921734 33
0 1 1575921737 1575921737 35
0 1 1575921739 1575921739 37
0 1 1575921743 1575921743 38
0 1 1575921744 1575921745 40
0 1 1575921750 1575921751 41
0 1 1575921762 1575921766 43
0 1 1575921774 1575921774 45
0 1 1575921782 1575921782 46
0 1 1575921790 1575921790 48
0 9 1575921649 1575921649 49
0 2 1575921655 1575921655 51
0 2 1575921697 1575921697 53
0 2 1575921707 1575921709 54
0 2 1575921712 1575921712 56
0 2 1575921727 1575921727 57
0 2 1575921735 1575921736 59
0 2 1575921741 1575921742 61
0 0 0 0 25
0 1 1575921646 1575921647 46
0 1 1575921649 1575921649 56
0 1 1575921657 1575921659 58
0 1 1575921660 1575921660 60
0 1 1575921663 1575921665 62
0 1 1575921672 1575921673 64
0 1 1575921688 1575921689 66
0 1 1575921689 1575921690 68
0 1 1575921693 1575921694 70
0 1 1575921698 1575921699 73
0 1 1575921710 1575921710 75
0 1 1575921710 1575921711 77
0 1 1575921713 1575921714 79
0 1 1575921716 1575921720 81
0 1 1575921725 1575921726 83
0 1 1575921728 1575921729 85
0 1 1575921733 1575921734 87
0 1 1575921737 1575921737 89
0 1 1575921739 1575921739 91
0 1 1575921743 1575921743 93
0 1 1575921744 1575921745 95
0 1 1575921750 1575921751 97
0 1 1575921762 1575921766 99
0 1 1575921774 1575921774 101
0 1 1575921782 1575921782 103
0 1 1575921790 1575921790 105
0 9 1575921649 1575921649 107
0 2 1575921655 1575921655 109
0 2 1575921697 1575921697 111
0 2 1575921707 1575921709 113
0 2 1575921712 1575921712 115
0 2 1575921727 1575921727 117
0 2 1575921735 1575921736 119
0 2 1575921741 1575921742 121
0 0 0 0 8
0 1 1575921646 1575921647 11
0 1 1575921649 1575921649 13
0 1 1575921657 1575921659 15
0 1 1575921660 1575921660 18
0 1 1575921663 1575921665 20
0 1 1575921672 1575921673 22
0 1 1575921688 1575921689 24
0 1 1575921689 1575921690 26
0 1 1575921693 1575921694 28
0 1 1575921698 1575921699 30
0 1 1575921710 1575921710 32
0 1 1575921710 1575921711 34
0 1 1575921713 1575921714 36
0 1 1575921716 1575921720 38
0 1 1575921725 1575921726 40
0 1 1575921728 1575921729 41
0 1 1575921733 1575921734 43
0 1 1575921737 1575921737 45
0 1 1575921739 1575921739 47
0 1 1575921743 1575921743 49
0 1 1575921744 1575921745 51
0 1 1575921750 1575921751 53
0 1 1575921762 1575921766 55
0 1 1575921774 1575921774 57
0 1 1575921782 1575921782 59
0 1 1575921790 1575921790 61
0 9 1575921649 1575921649 63
0 2 1575921655 1575921655 65
0 2 1575921697 1575921697 68
0 2 1575921707 1575921709 70
0 2 1575921712 1575921712 72
0 2 1575921727 1575921727 74
0 2 1575921735 1575921736 76
0 2 1575921741 1575921742 78
