0 1 1575921646 1575921647 9
0 1 1575921649 1575921649 11
0 1 1575921657 1575921659 13
0 1 1575921660 1575921660 15
0 1 1575921663 1575921665 16
0 1 1575921672 1575921673 18
0 1 1575921688 1575921689 19
0 1 1575921689 1575921690 21
0 1 1575921693 1575921694 22
0 1 1575921698 1575921699 24
0 1 1575921710 1575921710 26
0 1 1575921710 1575921711 27
0 1 1575921713 1575921714 29
0 1 1575921716 1575921720 30
0 1 1575921725 1575921726 32
0 1 1575921728 1575921729 33
0 1 1575921733 1575921734 35
0 1 1575921737 1575921737 37
0 1 1575921739 1575921739 38
0 1 1575921743 1575921743 40
0 1 1575921744 1575921745 41
0 1 1575921750 1575921751 43
0 1 1575921762 1575921766 44
0 1 1575921774 1575921774 46
0 1 1575921782 1575921782 48
0 1 1575921790 1575921790 49
