0 1 1575921646 1575921647 13
0 1 1575921649 1575921649 15
0 1 1575921657 1575921659 16
0 1 1575921660 1575921660 18
0 1 1575921663 1575921665 19
0 1 1575921672 1575921673 21
0 1 1575921688 1575921689 23
0 1 1575921689 1575921690 24
0 1 1575921693 1575921694 26
0 1 1575921698 1575921699 27
0 1 1575921710 1575921710 29
0 1 1575921710 1575921711 31
0 1 1575921713 1575921714 32
0 1 1575921716 1575921720 34
0 1 1575921725 1575921726 35
0 1 1575921728 1575921729 37
0 1 1575921733 1575921734 38
0 1 1575921737 1575921737 40
0 1 1575921739 1575921739 42
0 1 1575921743 1575921743 43
0 1 1575921744 1575921745 45
0 1 1575921750 1575921751 47
0 1 1575921762 1575921766 48
0 1 1575921774 1575921774 50
0 1 1575921782 1575921782 51
0 1 1575921790 1575921790 53
0 1 1575921646 1575921647 18
0 1 1575921649 1575921649 21
0 1 1575921657 1575921659 23
0 1 1575921660 1575921660 25
0 1 1575921663 1575921665 27
0 1 1575921672 1575921673 29
0 1 1575921688 1575921689 31
0 1 1575921689 1575921690 33
0 1 1575921693 1575921694 35
0 1 1575921698 1575921699 37
0 1 1575921710 1575921710 39
0 1 1575921710 1575921711 41
0 1 1575921713 1575921714 43
0 1 1575921716 1575921720 45
0 1 1575921725 1575921726 47
0 1 1575921728 1575921729 49
0 1 1575921733 1575921734 51
0 1 1575921737 1575921737 53
0 1 1575921739 1575921739 55
0 1 1575921743 1575921743 57
0 1 1575921744 1575921745 59
0 1 1575921750 1575921751 61
0 1 1575921762 1575921766 63
0 1 1575921774 1575921774 65
0 1 1575921782 1575921782 67
0 1 1575921790 1575921790 69
0 9 1575921649 1575921649 71
