0 1 1575921646 1575921647 6
0 9 1575921649 1575921649 9
0 1 1575921646 1575921647 7
0 1 1575921646 1575921647 6
0 2 1575921655 1575921655 8
0 9 1575921649 1575921649 9
0 1 1575921646 1575921647 7
1 3 1575921655 1575921655 22
0 1 1575921646 1575921647 6
0 2 1575921655 1575921655 8
0 4 1575921660 1575921660 9
0 9 1575921649 1575921649 10
1 3 1575921655 1575921655 13
0 1 1575921646 1575921647 8
0 2 1575921655 1575921655 11
0 4 1575921660 1575921660 13
0 9 1575921649 1575921649 16
1 3 1575921655 1575921655 24
0 1 1575921646 1575921647 5
0 2 1575921655 1575921655 7
0 4 1575921660 1575921660 8
0 9 1575921649 1575921649 9
1 3 1575921655 1575921655 13
0 1 1575921646 1575921647 26
0 2 1575921655 1575921655 29
0 4 1575921660 1575921660 32
1 3 1575921655 1575921655 42
0 1 1575921646 1575921647 6
1 3 1575921655 1575921655 19
0 1 1575921646 1575921647 7
0 9 1575921649 1575921649 18
1 3 1575921655 1575921655 26
0 1 1575921646 1575921647 6
0 2 1575921655 1575921655 8
0 4 1575921660 1575921660 9
0 7 1575921680 1575921680 10
0 9 1575921649 1575921649 11
1 3 1575921655 1575921655 15
0 1 1575921646 1575921647 6
0 2 1575921655 1575921655 8
0 4 1575921660 1575921660 11
0 7 1575921680 1575921680 13
1 3 1575921655 1575921655 23
0 1 1575921646 1575921647 6
0 2 1575921655 1575921655 8
1 3 1575921655 1575921655 22
0 1 1575921646 1575921647 6
0 2 1575921655 1575921655 9
0 4 1575921660 1575921660 11
0 6 1575921701 1575921703 13
0 7 1575921680 1575921680 15
0 9 1575921649 1575921649 17
1 3 1575921655 1575921655 26
0 1 1575921646 1575921647 8
1 3 1575921655 1575921655 34
0 1 1575921646 1575921647 7
0 2 1575921655 1575921655 10
0 4 1575921660 1575921660 12
1 3 1575921655 1575921655 36
0 1 1575921646 1575921647 6
0 9 1575921649 1575921649 19
1 3 1575921655 1575921655 25
0 2 1575921655 1575921655 10
0 9 1575921649 1575921649 34
0 4 1575921660 1575921660 10
0 9 1575921649 1575921649 13
0 4 1575921660 1575921660 9
0 7 1575921680 1575921680 12
0 9 1575921649 1575921649 14
0 2 1575921655 1575921655 10
0 7 1575921680 1575921680 21
0 9 1575921649 1575921649 14
0 2 1575921655 1575921655 8
0 9 1575921649 1575921649 23
0 2 1575921655 1575921655 11
0 9 1575921649 1575921649 16
0 6 1575921701 1575921703 17
0 6 1575921701 1575921703 15
0 7 1575921680 1575921680 17
0 9 1575921649 1575921649 12
0 4 1575921660 1575921660 14
0 4 1575921660 1575921660 13
0 6 1575921701 1575921703 19
0 7 1575921680 1575921680 23
0 9 1575921649 1575921649 26
0 2 1575921655 1575921655 9
0 4 1575921660 1575921660 14
