0 1 1575921646 1575921647 6
0 9 1575921649 1575921649 9
0 1 1575921646 1575921647 7
0 1 1575921646 1575921647 6
0 2 1575921655 1575921655 8
0 9 1575921649 1575921649 9
0 1 1575921646 1575921647 7
1 3 1575921655 1575921655 22
0 1 1575921646 1575921647 6
0 2 1575921655 1575921655 8
0 4 1575921660 1575921660 9
0 9 1575921649 1575921649 10
1 3 1575921655 1575921655 13
0 1 1575921646 1575921647 8
0 2 1575921655 1575921655 11
0 4 1575921660 1575921660 13
0 9 1575921649 1575921649 16
1 3 1575921655 1575921655 24
0 1 1575921646 1575921647 5
0 2 1575921655 1575921655 7
0 4 1575921660 1575921660 8
0 9 1575921649 1575921649 9
1 3 1575921655 1575921655 13
0 1 1575921646 1575921647 26
0 2 1575921655 1575921655 29
0 4 1575921660 1575921660 32
1 3 1575921655 1575921655 42
0 2 1575921655 1575921655 10
0 9 1575921649 1575921649 34
0 9 1575921649 1575921649 14
0 9 1575921649 1575921649 12
