0 1 1575921646 1575921647 7
0 9 1575921649 1575921649 9
0 1 1575921646 1575921647 6
0 9 1575921649 1575921649 9
0 1 1575921646 1575921647 6
0 2 1575921655 1575921655 8
0 9 1575921649 1575921649 10
0 1 1575921646 1575921647 6
0 2 1575921655 1575921655 8
0 9 1575921649 1575921649 10
1 3 1575921655 1575921655 13
0 1 1575921646 1575921647 7
0 2 1575921655 1575921655 9
0 4 1575921660 1575921660 10
0 9 1575921649 1575921649 11
1 3 1575921655 1575921655 14
0 1 1575921646 1575921647 8
0 2 1575921655 1575921655 12
1 3 1575921655 1575921655 34
0 1 1575921646 1575921647 6
0 2 1575921655 1575921655 8
0 9 1575921649 1575921649 12
1 3 1575921655 1575921655 22
0 1 1575921646 1575921647 8
0 2 1575921655 1575921655 11
0 4 1575921660 1575921660 14
0 9 1575921649 1575921649 17
1 3 1575921655 1575921655 22
0 1 1575921646 1575921647 7
0 2 1575921655 1575921655 10
1 3 1575921655 1575921655 24
0 1 1575921646 1575921647 7
0 2 1575921655 1575921655 8
0 4 1575921660 1575921660 10
0 9 1575921649 1575921649 11
1 3 1575921655 1575921655 14
0 4 1575921660 1575921660 14
0 4 1575921660 1575921660 10
0 4 1575921660 1575921660 12
0 9 1575921649 1575921649 16
0 9 1575921649 1575921649 22
