0 1 1575921646 1575921647 24
0 1 1575921646 1575921647 19
0 1 1575921646 1575921647 20
0 1 1575921646 1575921647 18
1 3 1575921655 1575921655 92
0 1 1575921646 1575921647 18
1 3 1575921655 1575921655 47
0 1 1575921646 1575921647 17
1 3 1575921655 1575921655 40
0 1 1575921646 1575921647 23
1 3 1575921655 1575921655 45
0 1 1575921646 1575921647 21
1 3 1575921655 1575921655 59
0 1 1575921646 1575921647 19
1 3 1575921655 1575921655 48
0 1 1575921646 1575921647 15
0 4 1575921660 1575921660 24
0 9 1575921649 1575921649 26
1 3 1575921655 1575921655 34
0 1 1575921646 1575921647 19
1 3 1575921655 1575921655 50
0 1 1575921646 1575921647 20
1 3 1575921655 1575921655 51
0 1 1575921646 1575921647 19
1 3 1575921655 1575921655 46
0 1 1575921646 1575921647 20
1 3 1575921655 1575921655 45
0 1 1575921646 1575921647 19
1 3 1575921655 1575921655 50
0 9 1575921649 1575921649 26
0 2 1575921655 1575921655 35
0 2 1575921655 1575921655 31
0 2 1575921655 1575921655 23
0 2 1575921655 1575921655 33
0 2 1575921655 1575921655 21
0 2 1575921655 1575921655 26
0 9 1575921649 1575921649 36
0 7 1575921680 1575921680 32
0 9 1575921649 1575921649 39
0 7 1575921680 1575921680 29
0 2 1575921655 1575921655 24
0 6 1575921701 1575921703 32
0 9 1575921649 1575921649 21
0 4 1575921660 1575921660 29
0 9 1575921649 1575921649 41
0 4 1575921660 1575921660 34
0 4 1575921660 1575921660 28
0 9 1575921649 1575921649 37
0 7 1575921680 1575921680 29
0 2 1575921655 1575921655 21
0 7 1575921680 1575921680 34
0 9 1575921649 1575921649 35
0 4 1575921660 1575921660 23
0 4 1575921660 1575921660 25
0 6 1575921701 1575921703 31
0 7 1575921680 1575921680 37
0 9 1575921649 1575921649 40
0 2 1575921655 1575921655 23
0 2 1575921655 1575921655 23
0 4 1575921660 1575921660 30
0 9 1575921649 1575921649 31
0 2 1575921655 1575921655 23
0 4 1575921660 1575921660 27
0 9 1575921649 1575921649 33
0 9 1575921649 1575921649 28
0 9 1575921649 1575921649 32
0 4 1575921660 1575921660 39
0 2 1575921655 1575921655 22
0 4 1575921660 1575921660 27
0 9 1575921649 1575921649 28
0 9 1575921649 1575921649 36
0 2 1575921655 1575921655 24
0 4 1575921660 1575921660 27
