10
0 1 1575921646 1575921647 1
0 1 1575921649 1575921649 0
0 9 1575921649 1575921649 0
8 0 1575921649 1575921649 0
5 1 1575921651 1575921653 2
0 2 1575921655 1575921655 0
1 3 1575921655 1575921655 0
0 1 1575921657 1575921659 2
0 1 1575921660 1575921660 0
0 4 1575921660 1575921660 0
1 0 1575921660 1575921661 1
2 1 1575921662 1575921662 0
2 3 1575921663 1575921663 0
0 1 1575921663 1575921665 2
9 2 1575921666 1575921667 1
2 1 1575921667 1575921668 1
3 2 1575921669 1575921670 1
1 0 1575921670 1575921670 0
0 4 1575921670 1575921671 1
0 1 1575921672 1575921673 1
1 0 1575921673 1575921676 3
4 0 1575921677 1575921678 1
1 0 1575921678 1575921679 1
0 7 1575921680 1575921680 0
1 0 1575921682 1575921683 1
2 1 1575921685 1575921687 2
0 1 1575921688 1575921689 1
0 1 1575921689 1575921690 1
0 1 1575921693 1575921694 1
3 0 1575921695 1575921696 1
3 1 1575921696 1575921697 1
0 2 1575921697 1575921697 0
0 1 1575921698 1575921699 1
1 3 1575921699 1575921701 2
0 6 1575921701 1575921703 2
5 0 1575921703 1575921705 2
2 0 1575921705 1575921705 0
2 1 1575921705 1575921706 1
0 2 1575921707 1575921709 2
0 1 1575921710 1575921710 0
0 1 1575921710 1575921711 1
0 2 1575921712 1575921712 0
0 1 1575921713 1575921714 1
0 1 1575921716 1575921720 4
1 4 1575921723 1575921725 2
0 1 1575921725 1575921726 1
0 3 1575921726 1575921726 0
0 6 1575921726 1575921726 0
0 2 1575921727 1575921727 0
0 1 1575921728 1575921729 1
0 6 1575921731 1575921732 1
0 1 1575921733 1575921734 1
0 4 1575921734 1575921734 0
0 2 1575921735 1575921736 1
6 0 1575921736 1575921736 0
0 1 1575921737 1575921737 0
3 1 1575921738 1575921739 1
0 1 1575921739 1575921739 0
1 0 1575921740 1575921741 1
0 2 1575921741 1575921742 1
0 1 1575921743 1575921743 0
0 1 1575921744 1575921745 1
0 3 1575921745 1575921745 0
0 5 1575921746 1575921748 2
0 1 1575921750 1575921751 1
1 0 1575921754 1575921756 2
1 0 1575921758 1575921759 1
0 2 1575921761 1575921761 0
0 1 1575921762 1575921766 4
0 2 1575921771 1575921772 1
0 1 1575921774 1575921774 0
1 0 1575921779 1575921779 0
2 1 1575921779 1575921782 3
0 1 1575921782 1575921782 0
0 2 1575921783 1575921785 2
1 0 1575921787 1575921788 1
1 0 1575921789 1575921789 0
0 1 1575921790 1575921790 0
1 0 1575921791 1575921792 1
1 0 1575921794 1575921795 1
