0
0
0
1
0
4
0
0
0
0
1
1
6
4
0
4
0
0
6
0
0
6
0
13
0
0
6
6
0
0
0
0
13
4
0
6
0
0
0
16
0
4
4
13
0
0
0
0
16
4
0
4
0
0
0
0
0
0
4
4
20
0
0
16
0
4
0
16
0
20
4
16
16
0
4
0
6
0
4
0
16
0
0
4
0
6
0
4
0
0
0
0
20
0
16
0
4
20
22
0
0
4
0
0
16
4
0
0
0
0
20
4
6
22
0
0
4
5
4
7
8
0
7
0
4
0
7
0
0
11
7
4
0
12
3
14
21
5
7
8
17
7
10
0
9
11
7
0
7
20
22
8
0
8
9
7
4
12
15
0
14
3
4
21
0
8
17
0
10
7
4
8
15
0
15
5
5
8
11
7
12
18
19
3
18
21
10
7
17
9
15
8
7
8
7
8
7
5
8
18
7
19
8
7
7
8
7
8
7
7
8
7
7
7
7
7
7
7
7
14
7
15
15
7
5
19
7
7
7
7
7
7
7
7
