0,7,1575921,1575921 13 1
1,0,1575921,1575921 7 13
0,2,1575921,1575921 4 10
0,4,1575921,1575921 6 3
9,2,1575921,1575921 10 1
0,3,1575921,1575921 20 2
5,0,1575921,1575921 17 1
2,3,1575921,1575921 9 1
3,1,1575921,1575921 15 2
2,0,1575921,1575921 18 1
2,1,1575921,1575921 8 5
0,9,1575921,1575921 1 1
0,5,1575921,1575921 22 1
8,0,1575921,1575921 2 1
0,1,1575921,1575921 0 26
1,3,1575921,1575921 5 2
5,1,1575921,1575921 3 1
6,0,1575921,1575921 21 1
3,2,1575921,1575921 11 1
4,0,1575921,1575921 12 1
3,0,1575921,1575921 14 1
0,6,1575921,1575921 16 3
1,4,1575921,1575921 19 1
